0.00019
-0.00025
-0.00081
-0.00013
-0.00031
-0.00006
-0.00044
-0.001
-0.00081
0.00013
0.0005
0.00031
0.00038
-0.00031
-0.001
-0.00038
0.00013
0.00025
-0.00006
-0.00044
-0.00006
0
-0.00019
0.00019
-0.00025
-0.00006
0.00013
-0.00081
0.00031
-0.00019
-0.00062
-0.00013
-0.00044
-0.00013
0.00025
0.00006
-0.00044
-0.00081
-0.00038
-0.00044
0.00038
0
-0.00125
-0.00081
-0.0005
0.00056
-0.0005
-0.00044
-0.00044
-0.00069
0.0005
0
-0.00087
-0.00062
0
0.00038
-0.00044
-0.00156
-0.00069
0.0005
0.00056
-0.00044
0.00013
0.00019
-0.00019
0.00019
0.00025
0.00013
-0.0005
-0.00062
-0.00013
0.00081
-0.00075
-0.00131
0.00038
0.00031
-0.00019
0.00044
-0.00019
-0.00044
0.00025
-0.00013
-0.00031
-0.00056
-0.00075
-0.00025
-0.00038
-0.00119
0
0.00031
-0.00038
-0.00044
-0.00069
-0.00056
-0.00019
-0.00044
-0.00069
-0.00081
-0.00031
0.00025
-0.00044
-0.00144
-0.00031
0.00044
-0.00012
0.00038
-0.00012
-0.00125
-0.00075
0.00025
-0.00038
-0.00094
-0.00013
-0.00056
-0.00038
0.00062
0.00038
-0.00044
0.00025
0.00038
-0.00038
-0.00044
-0.00056
-0.00038
-0.00038
-0.00031
-0.00031
-0.00019
0.00006
-0.00019
0
0.00038
-0.00044
-0.00081
-0.00106
-0.00112
-0.00006
-0.00119
-0.00131
0.00075
-0.00031
-0.00069
0.0005
-0.00038
-0.00137
-0.00081
0.00019
-0.00012
-0.00087
-0.00069
-0.0005
-0.001
-0.00056
0.00025
-0.00038
0.00013
0.00006
0
-0.00006
-0.00062
-0.00006
-0.00031
-0.00119
-0.0005
0.00069
0.0005
0.00031
-0.00006
-0.00031
-0.00088
-0.00106
-0.00025
-0.00094
-0.00156
-0.00081
-0.00131
-0.00706
-0.01613
-0.02213
-0.02138
-0.019
-0.02075
-0.02469
-0.02425
-0.01894
-0.01444
-0.01519
-0.02119
-0.02869
-0.03138
-0.02726
-0.01932
-0.012
-0.00812
-0.00687
-0.00769
-0.01519
-0.02269
-0.01994
-0.00256
0.01957
0.02563
0.007
-0.01812
-0.02819
-0.02244
-0.02332
-0.03844
-0.04732
-0.03788
-0.02194
-0.01462
-0.01038
0.00544
0.03075
0.05344
0.0655
0.07137
0.08326
0.1032
0.1168
0.1046
0.07551
0.06163
0.06013
0.06825
0.08344
0.099
0.1156
0.12895
0.12765
0.1082
0.07813
0.04275
-0.01144
-0.09175
-0.1625
-0.1717
-0.1167
-0.052
-0.01713
0.00313
0.03807
0.08444
0.1325
0.1814
0.2287
0.25795
0.25235
0.2133
0.16185
0.1284
0.12565
0.1313
0.1264
0.1169
0.09406
-0.0045
-0.2092
-0.43725
-0.545
-0.5084
-0.4577
-0.45385
-0.42375
-0.3459
-0.27995
-0.25365
-0.24025
-0.2117
-0.17025
-0.1209
-0.04207
0.08444
0.22285
0.33445
0.41795
0.47985
0.5149
0.51715
0.53125
0.56195
0.54925
0.48445
0.3591
0.10084
-0.25835
-0.5269
-0.5659
-0.48935
-0.40395
-0.2344
0.02263
0.2307
0.2992
0.2696
0.1852
-0.01919
-0.3382
-0.5497
-0.45775
-0.21255
-0.06494
-0.08544
-0.19205
-0.3156
-0.38725
-0.3555
-0.25315
-0.18385
-0.18005
-0.1792
-0.13245
-0.05375
0.02206
0.08425
0.09625
0.03063
-0.07156
-0.1458
-0.16285
-0.1299
-0.06863
0.00006
0.07712
0.15605
0.1979
0.15935
0.06526
0.01181
0.03144
0.07125
0.1171
0.19175
0.28235
0.30785
0.2183
0.1038
0.083
0.1757
0.2755
0.2846
0.1956
-0.0015
-0.2189
-0.24575
-0.06375
0.086
0.03269
-0.1507
-0.30305
-0.31515
-0.1956
-0.07057
-0.03244
-0.04388
-0.05519
-0.06994
-0.07419
-0.035
0.03912
0.09853
0.11065
0.10405
0.10485
0.08601
0.039
0.01544
0.045
0.09275
0.1368
0.18435
0.2455
0.28435
0.26435
0.17615
0.05381
0.00537
0.04494
0.05681
-0.01075
-0.05906
-0.01
0.0795
0.13755
0.1682
0.2047
0.24645
0.2801
0.3076
0.3289
0.33215
0.29795
0.19565
0.01119
-0.18615
-0.27635
-0.268
-0.30915
-0.4555
-0.56895
-0.52055
-0.37175
-0.25235
-0.17675
-0.0977
0.01519
0.13075
0.221
0.2409
0.1412
-0.00525
-0.0405
0.07575
0.2059
0.2527
0.2757
0.31205
0.2442
-0.0015
-0.27085
-0.33915
-0.23885
-0.20565
-0.3239
-0.45115
-0.4302
-0.2937
-0.18635
-0.16835
-0.18545
-0.1736
-0.15315
-0.1661
-0.19845
-0.19685
-0.1594
-0.12365
-0.09974
-0.07807
-0.08382
-0.125
-0.1466
-0.1089
-0.03425
0.03244
0.08369
0.1427
0.2097
0.23135
0.1756
0.11105
0.1059
0.14995
0.1971
0.24165
0.29295
0.34365
0.3691
0.3079
0.17025
0.07363
0.06213
0.09156
0.09519
0.04151
-0.02606
-0.06544
-0.0595
-0.03744
-0.02588
-0.02282
-0.00981
0.01388
0.04769
0.06113
0.04
-0.00862
-0.05457
-0.04851
0.0085
0.04382
0.00763
-0.05375
-0.04819
0.02319
0.08607
0.09138
0.05325
0.00331
-0.0255
-0.01869
0.00237
0.002
-0.02637
-0.04544
-0.0305
0.00406
0.01819
-0.01082
-0.05713
-0.08088
-0.06925
-0.04025
-0.02838
-0.04244
-0.04682
-0.02344
-0.00219
-0.00163
-0.00794
-0.00631
-0.01313
-0.03213
-0.03144
-0.00056
0.04225
0.09188
0.1291
0.12245
0.06294
-0.023
-0.06876
-0.02869
0.03356
0.02363
-0.05201
-0.1097
-0.1085
-0.06457
-0.00738
0.03619
0.0515
0.04669
0.02013
-0.02744
-0.05531
-0.03938
-0.0155
-0.01806
-0.03007
-0.02238
0.00794
0.03857
0.04988
0.03606
0.01825
0.02588
0.05294
0.06894
0.04631
-0.00112
-0.01794
0
0.01444
0.01425
0.01688
0.03869
0.06944
0.08888
0.08375
0.075
0.08782
0.10795
0.09376
0.04157
-0.01794
-0.05969
-0.08675
-0.1039
-0.11585
-0.12315
-0.12375
-0.1072
-0.06731
-0.02488
-0.03094
-0.091
-0.1352
-0.1062
-0.05969
-0.05201
-0.069
-0.077
-0.07012
-0.06344
-0.058
-0.04482
-0.02088
0.0045
0.02794
0.0465
0.06057
0.06912
0.07362
0.07607
0.07487
0.06388
0.045
0.03057
0.02525
-0.00581
-0.09819
-0.2184
-0.29535
-0.27945
-0.2153
-0.18125
-0.17295
-0.1396
-0.07801
-0.0185
0.02406
0.04581
0.04213
0.02594
0.02482
0.04513
0.06606
0.08588
0.1349
0.2184
0.29075
0.29745
0.1936
0.00088
-0.14265
-0.1215
-0.01894
-0.02482
-0.13495
-0.18925
-0.14075
-0.067
0.00119
0.10655
0.24945
0.32985
0.2699
0.1298
0.05088
0.05856
0.03632
-0.06425
-0.16875
-0.219
-0.2173
-0.1641
-0.07451
0.01726
0.108
0.19695
0.23115
0.15715
0.02544
-0.01744
0.0535
0.10001
0.07313
0.03801
-0.00431
-0.07444
-0.08669
0
0.08088
0.06394
0.01481
0.03088
0.09756
0.15255
0.15705
0.10935
0.0445
-0.01637
-0.06876
-0.09357
-0.06963
-0.00844
0.04656
0.04281
-0.00781
-0.03244
-0.01875
-0.02794
-0.07294
-0.1052
-0.0875
-0.0335
0.02437
0.08175
0.14385
0.18835
0.16175
0.0605
-0.04726
-0.09781
-0.10195
-0.1216
-0.1781
-0.19945
-0.1171
0.00312
0.06101
0.06975
0.06738
0.03775
-0.015
-0.05106
-0.05519
-0.05519
-0.07394
-0.10845
-0.14485
-0.15905
-0.1301
-0.06363
-0.00375
0.02069
0.01213
-0.00844
-0.02037
-0.02225
-0.00906
0.03026
0.08126
0.11605
0.1137
0.07163
0.00575
-0.0475
-0.05744
-0.03
0.00156
0.02056
0.03444
0.03007
-0.01031
-0.06669
-0.09824
-0.09813
-0.091
-0.09132
-0.09163
-0.08194
-0.06269
-0.05631
-0.07594
-0.10895
-0.14075
-0.15915
-0.14895
-0.11325
-0.07338
-0.03588
0.00931
0.06031
0.10444
0.142
0.17665
0.20385
0.2222
0.2354
0.2534
0.2755
0.28735
0.2859
0.3007
0.32465
0.33045
0.281
0.1664
0.02356
-0.09063
-0.1582
-0.2046
-0.2574
-0.30745
-0.31045
-0.2476
-0.1642
-0.1292
-0.1502
-0.1723
-0.16815
-0.15345
-0.15195
-0.16265
-0.1504
-0.1013
-0.02169
0.07475
0.13245
0.1353
0.11595
0.1081
0.10975
0.12245
0.1371
0.11685
0.07319
0.05782
0.08238
0.1021
0.086
0.05463
0.03982
0.03175
0.01513
0.00731
0.0025
-0.00637
-0.00625
-0.00594
-0.026
-0.04913
-0.04819
-0.01462
0.03375
0.07012
0.08912
0.09744
0.09444
0.07801
0.05838
0.04419
0.04625
0.06213
0.07906
0.08456
0.09132
0.11465
0.1408
0.13935
0.09388
0.01431
-0.06119
-0.0974
-0.1077
-0.11715
-0.11585
-0.08662
-0.04019
-0.00538
-0.01275
-0.05894
-0.07863
-0.02756
0.03463
0.01081
-0.09663
-0.17855
-0.1471
-0.04788
0.00731
-0.025
-0.08575
-0.10018
-0.0745
-0.05125
-0.03662
-0.02488
-0.00838
0.00494
0.03107
0.08044
0.1334
0.1493
0.08525
-0.05625
-0.17895
-0.19875
-0.14245
-0.0969
-0.08988
-0.07937
-0.03569
0.02213
0.06319
0.05488
-0.01294
-0.09213
-0.1229
-0.10795
-0.07394
-0.01526
0.07887
0.18225
0.25255
0.2711
0.2461
0.18065
0.07676
-0.01481
-0.04781
-0.02544
0.01607
0.04606
0.04682
0.01307
-0.03188
-0.04762
-0.02757
-0.00881
-0.02444
-0.06594
-0.10495
-0.12855
-0.1394
-0.1298
-0.08013
-0.02181
-0.00219
-0.01094
-0.00625
0.0235
0.05094
0.03362
-0.032
-0.09056
-0.08644
-0.02431
0.03238
0.044
0.01969
-0.01138
-0.02262
0.00281
0.06226
0.1101
0.1174
0.09007
0.04101
-0.00706
-0.03588
-0.03351
-0.01706
-0.01919
-0.02812
-0.02169
-0.02175
-0.04882
-0.07282
-0.06588
-0.03801
-0.00931
0.00031
-0.00869
-0.01413
0.01582
0.07676
0.1189
0.11465
0.08538
0.05882
0.05944
0.08888
0.10725
0.07057
-0.01844
-0.1062
-0.1421
-0.12165
-0.07519
-0.036
-0.0215
-0.03831
-0.07338
-0.08882
-0.07081
-0.03032
0.00069
0.00075
-0.01744
-0.03387
-0.03969
-0.03632
-0.03469
-0.02606
0.00163
0.039
0.06969
0.09388
0.10645
0.07775
0.00256
-0.07875
-0.12925
-0.11755
-0.0535
0.0005
0.02125
0.03113
0.03744
0.04651
0.07094
0.08963
0.07006
0.03088
0.00438
-0.01331
-0.03537
-0.05644
-0.06025
-0.0395
-0.01206
-0.00188
-0.01544
-0.04651
-0.06869
-0.06188
-0.03975
-0.02531
-0.02682
-0.03051
-0.02394
-0.01425
-0.01363
-0.01307
0.00887
0.06119
0.1255
0.17215
0.17405
0.1397
0.10327
0.06457
0.01763
-0.02213
-0.04213
-0.04106
-0.02344
-0.00444
0.005
-0.00206
-0.02744
-0.06119
-0.09119
-0.1133
-0.1221
-0.11025
-0.07913
-0.04281
-0.01725
-0.01313
-0.03075
-0.06106
-0.08094
-0.07894
-0.06831
-0.07025
-0.08125
-0.08231
-0.06438
-0.04188
-0.02825
-0.023
-0.01469
0.01144
0.06831
0.14575
0.20525
0.2077
0.16295
0.1081
0.05744
0.01969
0.00494
0.01081
0.01988
0.01457
0.00775
0.0175
0.03757
0.04138
0.02169
0.00219
0.00269
0.01806
0.02182
0.00338
-0.02031
-0.02944
-0.01188
0.01988
0.02725
-0.00719
-0.05257
-0.06469
-0.03475
0.00294
0.01362
-0.00194
-0.00894
0.00844
0.03193
0.04276
0.04669
0.0475
0.0445
0.04475
0.05419
0.07682
0.09232
0.0845
0.05825
0.02225
-0.0135
-0.03494
-0.03131
-0.02025
-0.0365
-0.08887
-0.1358
-0.131
-0.08
-0.02494
0.01513
0.03113
0.01506
-0.01438
-0.02644
-0.02126
-0.03531
-0.07144
-0.08532
-0.04688
0.01187
0.03719
0.03919
0.05381
0.07744
0.08112
0.04756
-0.00606
-0.05156
-0.07025
-0.05925
-0.04332
-0.04894
-0.0555
-0.03213
0.01494
0.06169
0.08806
0.07794
0.03688
0.00025
-0.01706
-0.03094
-0.04169
-0.02981
0.00606
0.05088
0.08231
0.08269
0.05576
0.01544
-0.015
-0.02888
-0.04888
-0.07094
-0.08351
-0.09031
-0.09325
-0.08544
-0.06782
-0.05494
-0.05119
-0.04369
-0.02307
0.00313
0.01876
0.01656
0.00606
0.00575
0.02769
0.07094
0.1192
0.14945
0.15595
0.1459
0.13335
0.1132
0.07019
0.01131
-0.04056
-0.07563
-0.094
-0.09506
-0.08625
-0.06375
-0.02113
0.03012
0.07738
0.1093
0.1099
0.07551
0.02875
-0.00838
-0.03575
-0.05813
-0.05926
-0.02225
0.03525
0.07837
0.09431
0.0905
0.07194
0.04006
0.0035
-0.03401
-0.07913
-0.1333
-0.1794
-0.197
-0.16875
-0.10345
-0.02025
0.05706
0.11165
0.1302
0.1073
0.07463
0.05882
0.05169
0.02738
-0.01813
-0.04875
-0.03557
0.008
0.04494
0.06388
0.07625
0.08338
0.06694
0.03012
0.00006
-0.01894
-0.04175
-0.07219
-0.1043
-0.1255
-0.12295
-0.09675
-0.06294
-0.04332
-0.03725
-0.03312
-0.02725
-0.01276
0.00275
0.00644
0.00387
0.00325
-0.0025
-0.02475
-0.05244
-0.07175
-0.07557
-0.06563
-0.05594
-0.06087
-0.07807
-0.09244
-0.097
-0.09
-0.06757
-0.021
0.0435
0.10022
0.13725
0.1522
0.14035
0.10935
0.08512
0.08069
0.07756
0.04413
-0.01675
-0.07044
-0.08476
-0.05669
-0.01087
0.02788
0.05982
0.08887
0.09788
0.08001
0.05457
0.03438
0.01913
0.00725
0.00144
0.00438
0.01219
0.018
0.01694
0.0085
0.00037
-0.00463
-0.01056
-0.01632
-0.02163
-0.036
-0.0625
-0.08975
-0.1036
-0.09038
-0.043
0.01531
0.05488
0.07788
0.0985
0.10405
0.09319
0.07969
0.06932
0.04726
0.01394
-0.01582
-0.03875
-0.05794
-0.06606
-0.06019
-0.05381
-0.05856
-0.06544
-0.066
-0.06975
-0.06613
-0.04557
-0.01732
0.01087
0.03019
0.03275
0.02287
0.01856
0.03063
0.04281
0.04062
0.02682
0.00513
-0.01638
-0.03969
-0.06619
-0.07913
-0.06719
-0.03444
-0.00094
0.0185
0.02919
0.0365
0.03863
0.03225
0.01744
-0.006
-0.02363
-0.00706
0.03725
0.06044
0.03751
-0.00425
-0.02581
-0.01194
0.01976
0.04332
0.05744
0.07132
0.07382
0.05688
0.01357
-0.03869
-0.06425
-0.05263
-0.02044
0.00812
0.02181
0.01881
0.00369
-0.01613
-0.04201
-0.07694
-0.11005
-0.12395
-0.09532
-0.02207
0.06556
0.1404
0.1924
0.2002
0.15275
0.05869
-0.04469
-0.12715
-0.18885
-0.2046
-0.15655
-0.07994
-0.00844
0.04769
0.08019
0.08432
0.06326
0.05082
0.06856
0.10195
0.1164
0.1086
0.09375
0.09488
0.11075
0.11935
0.09889
0.04787
-0.01231
-0.05631
-0.07412
-0.07844
-0.08757
-0.1074
-0.13365
-0.1567
-0.1657
-0.15195
-0.11605
-0.06781
-0.00969
0.048
0.07975
0.08038
0.067
0.05894
0.07206
0.10068
0.11935
0.09151
0.03
-0.01437
-0.01837
-0.00613
-0.01775
-0.06069
-0.10665
-0.13255
-0.1422
-0.13275
-0.08294
0.00656
0.09194
0.13135
0.1345
0.12755
0.1154
0.10127
0.10955
0.13395
0.14495
0.14135
0.1419
0.1482
0.14115
0.09225
-0.00831
-0.13635
-0.24545
-0.2804
-0.2101
-0.07944
0.03619
0.10261
0.1178
0.08257
0.01613
-0.04388
-0.07231
-0.06156
-0.02363
0.03225
0.09809
0.15585
0.1884
0.18735
0.1562
0.11155
0.06476
0.00631
-0.06887
-0.1496
-0.21935
-0.26915
-0.29715
-0.2972
-0.27105
-0.22895
-0.1723
-0.1176
-0.08281
-0.06119
-0.04125
-0.02682
-0.02112
-0.02075
-0.01531
-0.00081
0.01182
0.00981
-0.003
-0.01182
-0.00719
0.01056
0.03331
0.05631
0.08106
0.10034
0.106
0.09538
0.06744
0.03494
0.01044
-0.00637
-0.01469
-0.02356
-0.04469
-0.05738
-0.04151
-0.00025
0.03844
0.05275
0.04662
0.02869
0.00294
-0.02307
-0.04206
-0.04569
-0.03563
-0.02563
-0.02801
-0.03906
-0.04919
-0.05032
-0.04513
-0.043
-0.03888
-0.03201
-0.03982
-0.057
-0.06406
-0.06594
-0.07
-0.06719
-0.05356
-0.03362
-0.01251
0.002
0.01088
0.01675
0.01669
0.00687
-0.01438
-0.0475
-0.0775
-0.08644
-0.07563
-0.05307
-0.02769
-0.00738
0.01131
0.03662
0.0655
0.08625
0.09426
0.093
0.07688
0.04307
0.00881
-0.01582
-0.02944
-0.02757
-0.01187
0.01031
0.03288
0.05563
0.07844
0.09531
0.09225
0.06707
0.03144
-0.00237
-0.02713
-0.03344
-0.01737
0.00881
0.031
0.04638
0.05362
0.04782
0.03356
0.023
0.01856
0.01556
0.00819
-0.00319
-0.01087
-0.01601
-0.02038
-0.01644
-0.00244
0.00713
-0.00156
-0.02476
-0.04607
-0.05162
-0.04113
-0.02369
-0.00525
0.01575
0.04219
0.0735
0.09794
0.10355
0.09012
0.06288
0.03612
0.01538
0.00219
-0.00337
-0.01206
-0.02144
-0.02356
-0.02025
-0.01994
-0.02476
-0.03281
-0.04607
-0.05525
-0.05825
-0.05263
-0.03332
-0.00481
0.02369
0.04287
0.048
0.04812
0.04938
0.04701
0.04132
0.0405
0.04732
0.04101
0.01907
-0.00288
-0.01256
-0.00625
0.01032
0.02163
0.01732
0.00475
-0.00738
-0.01238
-0.01069
-0.00975
-0.011
-0.01932
-0.03232
-0.03969
-0.03282
-0.00944
0.01488
0.03007
0.036
0.03801
0.03807
0.033
0.02626
0.02356
0.02606
0.02669
0.02069
0.01376
0.01025
0.00213
-0.01007
-0.02081
-0.03219
-0.05269
-0.07894
-0.09888
-0.09844
-0.07869
-0.05675
-0.03394
-0.00931
0.01675
0.03487
0.04463
0.05219
0.05988
0.06569
0.06925
0.05919
0.0385
0.01632
-0.00488
-0.02362
-0.03957
-0.05232
-0.05869
-0.05713
-0.04501
-0.02938
-0.02144
-0.01738
-0.01156
-0.00044
0.01338
0.02038
0.01775
0.01388
0.01582
0.02469
0.03425
0.04938
0.05938
0.05756
0.05181
0.04019
0.03125
0.03481
0.04507
0.05238
0.05076
0.03794
0.01732
-0.00606
-0.02788
-0.04557
-0.06044
-0.06744
-0.05694
-0.03481
-0.01863
-0.01444
-0.0175
-0.0195
-0.01738
-0.018
-0.02188
-0.02462
-0.02463
-0.01325
0.00719
0.02637
0.04356
0.05651
0.06051
0.05432
0.03969
0.01881
-0.00069
-0.00844
-0.00831
-0.01125
-0.02275
-0.03901
-0.04619
-0.03807
-0.02125
-0.0095
-0.00556
-0.00269
0.00387
0.01357
0.0175
0.01538
0.01331
0.014
0.01863
0.028
0.03907
0.04838
0.05144
0.04257
0.02094
-0.0035
-0.01831
-0.01969
-0.01607
-0.01819
-0.02406
-0.02301
-0.01256
-0.00131
0.0085
0.01588
0.01725
0.01007
-0.00225
-0.01269
-0.01844
-0.02331
-0.03019
-0.03537
-0.03131
-0.0225
-0.01732
-0.01344
-0.01013
-0.00981
-0.01263
-0.01563
-0.01538
-0.01063
-0.00481
0.00244
0.01144
0.01763
0.01763
0.01326
0.00444
-0.00763
-0.01819
-0.02457
-0.02812
-0.026
-0.01632
-0.00644
-0.00169
0.00025
0.00069
0.00006
-0.00169
-0.00569
-0.00906
-0.01106
-0.01219
-0.01113
-0.00987
-0.01063
-0.01338
-0.01344
-0.00969
-0.00825
-0.00663
-0.00219
0.00219
0.00425
0.00306
-0.00181
-0.00931
-0.01569
-0.01894
-0.02069
-0.02375
-0.03131
-0.03969
-0.03769
-0.02431
-0.00956
-0.00494
-0.00706
-0.00594
0.00063
0.01113
0.01894
0.02031
0.01263
0.00125
-0.00575
-0.00881
-0.00925
-0.00981
-0.01319
-0.01837
-0.02301
-0.02375
-0.01913
-0.01357
-0.01094
-0.014
-0.02107
-0.02663
-0.02669
-0.02038
-0.01375
-0.01007
-0.01169
-0.01438
-0.01088
-0.00075
0.01382
0.02707
0.03487
0.04006
0.04294
0.04175
0.03438
0.02375
0.01307
0.00169
-0.01082
-0.02019
-0.02363
-0.02519
-0.03238
-0.04338
-0.04781
-0.04356
-0.03219
-0.01912
-0.00819
0.00175
0.01506
0.02944
0.0395
0.04631
0.05263
0.05669
0.05725
0.05294
0.04501
0.03487
0.02332
0.00875
-0.01081
-0.03181
-0.04588
-0.04875
-0.04501
-0.03919
-0.03194
-0.02375
-0.01444
-0.00206
0.011
0.02244
0.029
0.02981
0.02844
0.03032
0.03563
0.037
0.03069
0.02138
0.00963
-0.00119
-0.00987
-0.01744
-0.02463
-0.02944
-0.02875
-0.02194
-0.01294
-0.00544
-0.00212
-0.00088
0.00206
0.00456
0.005
0.00425
0.00238
0.00125
0.00038
0.00262
0.01019
0.01901
0.02694
0.02888
0.022
0.01063
0.00181
-0.00144
-0.00519
-0.00981
-0.01156
-0.01251
-0.01288
-0.0095
-0.00269
0.00544
0.01094
0.0145
0.01588
0.01569
0.01544
0.01675
0.01856
0.0205
0.01881
0.01732
0.01944
0.01782
0.01712
0.01969
0.02056
0.01894
0.01681
0.01469
0.01431
0.01407
0.01531
0.01725
0.01887
0.01919
0.01675
0.01169
0.00681
0.00137
-0.00331
-0.00812
-0.01438
-0.02169
-0.02719
-0.03276
-0.03887
-0.04213
-0.04557
-0.05106
-0.05444
-0.05556
-0.05856
-0.05657
-0.05013
-0.04363
-0.03782
-0.03219
-0.02269
-0.01169
-0.00662
-0.00662
-0.00719
-0.00575
-0.00094
0.00431
0.0075
0.01025
0.014
0.018
0.02019
0.02119
0.02213
0.022
0.02194
0.02138
0.02175
0.02362
0.02557
0.02913
0.03332
0.03682
0.04075
0.04151
0.04487
0.04394
0.03669
0.03113
0.02294
0.01288
0.00513
0.003
0.00463
0.0065
0.00862
0.01087
0.01382
0.01901
0.02387
0.02451
0.02107
0.01775
0.01744
0.01837
0.0205
0.02219
0.01775
0.00975
0.00219
-0.00387
-0.00769
-0.00919
-0.009
-0.00944
-0.01094
-0.00969
-0.00362
0.00381
0.00994
0.01288
0.00875
-0.00012
-0.01038
-0.01775
-0.023
-0.02663
-0.02419
-0.01644
-0.01138
-0.0095
-0.00556
-0.00231
-0.0005
0.00225
0.00556
0.00794
0.01106
0.01513
0.01763
0.01819
0.01757
0.01606
0.01256
0.00344
-0.011
-0.02363
-0.02863
-0.03025
-0.03407
-0.04194
-0.04981
-0.05169
-0.04812
-0.04125
-0.03632
-0.03106
-0.02676
-0.02325
-0.0255
-0.02937
-0.0275
-0.02307
-0.01669
-0.00675
0.00031
0.00075
-0.00081
-0.00125
-0.00025
-0.00012
0.00113
0.00513
0.00862
0.00863
0.00681
0.00431
0.00137
-0.0005
-0.00256
-0.00269
-0.00137
0.00262
0.006
0.00825
0.01119
0.01319
0.01469
0.01644
0.01781
0.01888
0.02256
0.02863
0.02613
0.01732
0.00944
0.00369
-0.00412
-0.01363
-0.02025
-0.02169
-0.02112
-0.01869
-0.01344
-0.00838
-0.00744
-0.00481
0.00094
0.00531
0.00687
0.00675
0.00362
0.00019
-0.00244
-0.00513
-0.00513
-0.00369
-0.00256
-0.00125
-0.00069
-0.00163
-0.00163
-0.00069
0.00125
0.00338
0.00438
0.005
0.00175
-0.00381
-0.00894
-0.01256
-0.01806
-0.02594
-0.02581
-0.02263
-0.01932
-0.01431
-0.009
-0.00519
-0.00444
-0.00394
-0.00331
-0.00294
-0.00031
0.001
0.00469
0.0075
0.00731
0.00375
-0.00381
-0.00906
-0.0135
-0.01788
-0.02075
-0.02219
-0.02412
-0.02875
-0.032
-0.0325
-0.03388
-0.03401
-0.03144
-0.02763
-0.02163
-0.01319
-0.00175
0.00906
0.01656
0.02163
0.02594
0.02919
0.03
0.02944
0.02775
0.02338
0.01606
0.00788
0.00069
-0.00306
-0.00187
0.00475
0.01307
0.01837
0.01981
0.02013
0.02151
0.02194
0.02206
0.02156
0.02138
0.02194
0.02107
0.0185
0.01594
0.01213
0.01382
0.01625
0.01481
0.01457
0.01757
0.02176
0.02338
0.02387
0.02651
0.02682
0.0215
0.01569
0.014
0.01194
0.00744
0.00394
0.00175
-0.00156
-0.00563
-0.00719
-0.00581
-0.00469
-0.00238
0.00144
0.00337
0.00438
0.00625
0.00806
0.01069
0.01163
0.00963
0.007
0.00375
-0.002
-0.00856
-0.01182
-0.01357
-0.01644
-0.01856
-0.02031
-0.02225
-0.02444
-0.02713
-0.02781
-0.02837
-0.02657
-0.02069
-0.01625
-0.01194
-0.00694
-0.00375
-0.00306
-0.00288
-0.002
-0.001
-0.00144
0.00062
0.00394
0.00475
0.00481
0.00481
-0.00013
-0.00769
-0.01194
-0.01426
-0.01506
-0.01338
-0.01194
-0.01712
-0.01894
-0.01594
-0.01219
-0.006
0.00256
0.00962
0.0145
0.014
0.01206
0.01225
0.01088
0.00725
0.00344
0.00069
-0.00325
-0.00631
-0.00738
-0.00887
-0.00769
-0.00531
-0.00513
-0.00331
-0.00081
0.00025
0.00225
0.00344
0.00181
0.00075
-0.00062
-0.00206
-0.00237
-0.00281
-0.00275
-0.00337
-0.00387
-0.00438
-0.00544
-0.00569
-0.00575
-0.0045
-0.00488
-0.00556
-0.00744
-0.01132
-0.01519
-0.01613
-0.015
-0.01531
-0.01282
-0.007
-0.00056
0.00463
0.00887
0.00812
0.00637
0.00675
0.008
0.01031
0.01276
0.01282
0.01169
0.01175
0.01225
0.01206
0.01362
0.0145
0.01601
0.01606
0.01763
0.02182
0.02156
0.01994
0.01994
0.01719
0.01369
0.01219
0.01244
0.01238
0.01019
0.00644
0.00331
0.0005
0.00025
0.00194
0.00194
0.00088
-0.00069
-0.00337
-0.00412
-0.003
-0.00419
-0.00625
-0.008
-0.00888
-0.01
-0.01138
-0.01169
-0.0125
-0.01394
-0.015
-0.01663
-0.01913
-0.02138
-0.02375
-0.02356
-0.02287
-0.02832
-0.03325
-0.02969
-0.02144
-0.01607
-0.01294
-0.00975
-0.00731
-0.00563
-0.00606
-0.00713
-0.00713
-0.00819
-0.00694
-0.00313
-0.00156
0.00013
0.00394
0.00806
0.01082
0.01344
0.01481
0.01481
0.01531
0.01806
0.02119
0.02251
0.02031
0.01426
0.01006
0.0085
0.00731
0.00625
0.00594
0.00387
-0.00031
-0.00106
-0.00013
-0.00031
-0.00081
-0.004
-0.00875
-0.01475
-0.02056
-0.0205
-0.01863
-0.01794
-0.01825
-0.01775
-0.01569
-0.01231
-0.01013
-0.01025
-0.01013
-0.00775
-0.00394
0.00188
0.00863
0.01462
0.01819
0.02025
0.02025
0.01531
0.00894
0.00288
-0.00181
-0.005
-0.00612
-0.00506
-0.00544
-0.00738
-0.00738
-0.0065
-0.00513
-0.00406
-0.0025
0.00062
0.00356
0.00631
0.0095
0.01032
0.01019
0.01063
0.01244
0.01594
0.01819
0.02119
0.0215
0.018
0.01969
0.02482
0.02282
0.02094
0.02156
0.01869
0.01457
0.01319
0.01175
0.0095
0.00756
0.00644
0.00519
0.00288
-0.00038
-0.00231
-0.00188
-0.00206
-0.00406
-0.00569
-0.00587
-0.0045
-0.00275
-0.00144
-0.00137
-0.00363
-0.007
-0.00988
-0.01263
-0.01437
-0.01588
-0.01525
-0.01182
-0.01069
-0.009
-0.00494
-0.00219
0.00038
0.0025
0.00456
0.00956
0.01613
0.01875
0.01687
0.01201
0.00644
0.00156
-0.00194
-0.00475
-0.00806
-0.01231
-0.01431
-0.01531
-0.01863
-0.02138
-0.02194
-0.02132
-0.02063
-0.02081
-0.02025
-0.02163
-0.02169
-0.02038
-0.02056
-0.02056
-0.01825
-0.01525
-0.01375
-0.0145
-0.01607
-0.01601
-0.01563
-0.01338
-0.00969
-0.00725
-0.00731
-0.00875
-0.00912
-0.00706
-0.00606
-0.00569
-0.00488
-0.00294
-0.001
0.0005
0.00369
0.0075
0.01056
0.01
0.00994
0.01038
0.00894
0.00687
0.00581
0.00706
0.01069
0.01063
0.01013
0.00969
0.00819
0.00794
0.00812
0.00912
0.00938
0.00925
0.00925
0.00862
0.00762
0.00587
0.00344
0.00194
0.00163
0.00075
-0.00013
-0.00063
-0.00156
-0.00106
0.0005
0.00069
0.00038
0.00012
-0.00219
-0.00544
-0.00619
-0.00463
-0.00387
-0.00288
-0.00163
-0.00025
0.00056
0.00056
0.00169
0.00375
0.00775
0.01376
0.01819
0.02025
0.01838
0.01819
0.01625
0.01963
0.02319
0.02031
0.01538
0.01082
0.00788
0.00781
0.007
0.00619
0.00719
0.006
0.00431
0.0015
-0.00288
-0.00575
-0.00375
-0.00237
-0.00175
-0.00137
-0.00206
-0.00219
-0.001
-0.00025
-0.002
-0.00319
-0.00419
-0.00456
-0.0035
-0.00319
-0.00119
-0.00031
-0.00194
-0.00106
0.00031
0.00106
0.00256
0.00463
0.00644
0.00906
0.01087
0.01019
0.00831
0.00456
0.00244
0.00119
-0.00031
-0.00075
0.00112
0.00713
0.01175
0.00894
0.00169
-0.0055
-0.00806
-0.00269
0.00969
0.02294
0.03044
0.02781
0.01706
0.00888
0.01107
0.01362
0.00131
-0.02444
-0.04256
-0.03744
-0.01338
0.01087
0.01575
0.00269
-0.01294
-0.01976
-0.01775
-0.00812
0.00775
0.01556
0.00731
-0.00713
-0.00769
0.00794
0.01907
0.011
-0.00637
-0.01601
-0.01407
-0.01176
-0.01538
-0.01669
-0.01369
-0.01101
-0.00612
0.00169
0.0055
0.00081
-0.01131
-0.02388
-0.02544
-0.01426
-0.00444
-0.0015
-0.00275
-0.00537
-0.00637
-0.00375
0.00175
0.00563
0.00175
-0.00525
-0.00944
-0.00881
-0.00806
-0.00919
-0.0135
-0.01613
-0.01488
-0.01276
-0.00713
-0.00175
0.00025
-0.003
-0.01081
-0.01512
-0.01213
-0.00381
0.00194
0.00319
-0.0005
-0.00244
0.005
0.0135
0.01688
0.01563
0.00894
0.00444
0.00531
0.00556
0.00587
0.0055
0.00206
-0.00581
-0.01319
-0.015
-0.016
-0.01769
-0.01556
-0.01256
-0.0065
0.00206
0.011
0.01719
0.01719
0.01388
0.01294
0.01237
0.01082
0.01632
0.01925
0.01225
0.00288
-0.00494
-0.00775
-0.00581
-0.004
-0.00569
-0.01
-0.01331
-0.014
-0.01044
-0.00838
-0.01013
-0.00988
-0.00994
-0.01182
-0.01319
-0.01256
-0.01019
-0.01044
-0.01388
-0.01757
-0.02031
-0.02301
-0.02369
-0.02356
-0.02269
-0.02062
-0.0165
-0.01169
-0.00788
-0.005
-0.00306
-0.00369
-0.00281
0.00231
0.00763
0.00781
0.00487
0.00488
0.007
0.00788
0.00738
0.00725
0.00781
0.00656
0.0045
0.00419
0.00625
0.00756
0.00669
0.00613
0.00625
0.00656
0.007
0.00644
0.00581
0.00481
0.00587
0.00631
0.00406
0.00381
0.004
0.00262
0.00325
0.00506
0.00469
0.004
0.00369
0.0035
0.00262
0.00256
0.00262
0.003
0.00262
0.00187
0.00219
0.00238
0.00213
0.00206
0.00169
0.00237
0.0035
0.00231
0.00013
0.00156
0.00419
0.00425
0.0025
0.00225
0.00188
0.00206
0.00231
0.00319
0.004
0.003
0.00275
0.00306
0.00306
0.00294
0.00194
0.00119
0.00194
0.00362
0.00425
0.00362
0.00225
0.00056
0.00069
0.00069
0.00112
0.00256
0.00306
0.00313
0.00119
0.00013
0.00069
-0.00081
-0.00031
0.00213
0.00137
0.00012
-0.00031
0
-0.00038
-0.001
-0.001
-0.00013
0.00062
0.00044
0.00088
0.00088
-0.00006
-0.00056
-0.00013
-0.00025
-0.00006
0.00038
0.00025
-0.00019
-0.00025
0.00194
0.00188
0.00081
0.00075
0.00069
0.00112
0.002
0.00094
0.00088
0.00088
0.00031
-0.00006
0.00088
0.00144
0.00013
0.00019
-0.00025
0.0005
0.00137
-0.00013
-0.00025
-0.00056
-0.00137
-0.00088
-0.00069
-0.00062
-0.00019
-0.00019
-0.00137
-0.0025
-0.00156
-0.00069
-0.00063
-0.00056
-0.00069
-0.00044
-0.001
-0.00156
-0.00106
-0.00081
-0.001
-0.00044
-0.0005
0
-0.00019
-0.00088
-0.00069
-0.00038
-0.00044
-0.00031
0.00038
0.00137
0.00088
-0.00112
0.00031
0.00112
-0.00031
-0.00088
-0.00112
-0.00106
0.00031
0.00119
0.00013
-0.00038
0.00006
-0.0005
-0.00012
0.00075
0.00038
-0.00075
-0.0015
-0.00137
-0.00144
-0.00206
-0.00225
-0.002
-0.00069
0.00119
0.00056
-0.00075
-0.00194
-0.00325
-0.00225
-0.00075
-0.00013
-0.00181
-0.002
-0.00169
-0.00106
0.001
0.00094
-0.001
-0.002
-0.00094
0.00088
0.00062
-0.00137
-0.00056
-0.00025
-0.00106
-0.0005
0.00056
0.00006
-0.00025
0.00075
0.001
0.00006
0
0.00013
-0.00056
-0.002
-0.00112
-0.00056
-0.00062
0.00044
-0.00012
-0.0015
-0.00019
-0.001
-0.00231
-0.00125
-0.00144
-0.00187
-0.00106
-0.00081
-0.00169
-0.00206
-0.00106
-0.00006
-0.00169
-0.00262
-0.0025
-0.00144
0.00056
-0.00031
-0.00144
-0.00231
-0.00119
0.00038
-0.0005
-0.00038
0.00106
0.00081
-0.00056
-0.00006
-0.00081
-0.00212
-0.00006
0.002
0.00006
-0.00106
-0.00056
-0.00075
0.00006
0.0015
0.00125
-0.00025
-0.00075
-0.00031
-0.00019
0.00056
0.00006
-0.00137
-0.00119
-0.00119
-0.00169
0.00006
0.00069
-0.00038
-0.00106
-0.00087
-0.0005
-0.00106
-0.00163
-0.00156
-0.00194
-0.00175
-0.00131
-0.00112
-0.00181
-0.0015
-0.00125
-0.00069
-0.00038
0.00062
0.00056
-0.00044
-0.00087
-0.00056
-0.00069
-0.00038
0.00044
-0.00038
0.00013
0.00137
0.00013
-0.00025
0.00025
0.0005
0.00019
0.00044
0.00044
-0.00088
-0.00019
0.00131
0.0005
-0.00025
0.00038
0.00056
-0.00006
-0.00056
-0.0015
-0.00169
-0.00019
-0.00031
-0.00038
0.00038
-0.00144
-0.0025
-0.00088
-0.00031
-0.00056
-0.00019
-0.00088
-0.001
-0.00069
-0.00094
-0.00044
-0.0005
-0.00144
-0.001
-0.00044
-0.00044
-0.00075
0.00006
-0.00056
-0.00194
0.00019
0.00125
-0.00069
-0.00075
0.00038
0.00019
0.00056
0.00069
-0.00038
0
0.00081
0.00025
0.00094
0.00006
-0.00075
0.00044
0.00169
0.00019
-0.00075
-0.00094
0.0005
-0.00012
-0.00013
0.00019
-0.00112
-0.0005
-0.00119
-0.00106
-0.00038
-0.0015
-0.00044
-0.00025
-0.002
-0.00119
-0.00031
-0.00013
-0.00075
-0.00131
0
-0.00081
-0.0005
0.00019
-0.0005
-0.00025
0.00044
0.00088
0.001
0.00094
0.00137
0.00119
-0.00006
-0.00038
-0.00044
-0.00075
0.0005
0.00038
-0.00031
0.00094
0.00038
0.00006
0.00013
-0.00144
-0.00056
0.00081
0.00106
0
-0.00025
0.00019
-0.00075
-0.00094
-0.00081
-0.00112
-0.00075
-0.00031
-0.00106
-0.00069
-0.0015
-0.0015
-0.001
-0.00075
-0.00112
-0.00144
-0.00131
-0.00125
-0.00112
-0.00062
-0.00112
-0.00094
-0.00013
-0.002
-0.00169
0.00006
-0.00081
-0.00062
0.00013
-0.00012
-0.00044
-0.00025
-0.00031
0.00006
0
0.00031
0.00019
-0.00025
0.00025
0.00031
-0.00013
0.00069
0
-0.00081
0.00044
0.00062
0.00019
0.0005
0.00025
-0.00106
-0.00081
0.00006
0.00025
-0.00006
-0.001
-0.00137
-0.00156
-0.00081
-0.00081
0.00013
-0.00012
-0.00163
-0.00056
-0.00106
-0.00131
-0.00062
-0.00125
-0.00094
-0.0005
-0.00119
-0.00175
-0.00125
-0.0005
-0.00088
0.00019
-0.00019
-0.00044
-0.00019
-0.00062
-0.00062
-0.00006
0.0005
0.00025
0
0.00038
-0.00019
0.00063
0.00069
0
0.00119
0.00038
-0.00106
-0.00081
-0.00013
-0.00044
0
0.00137
0.00075
0.00038
0.00006
-0.00094
-0.00156
-0.00106
-0.00112
0.00013
0.00044
-0.00119
-0.00156
-0.00156
-0.00119
-0.00119
-0.00137
-0.00075
-0.00019
-0.00019
-0.00062
-0.00062
-0.00075
-0.00137
-0.00044
-0.00031
-0.00112
-0.0015
-0.00194
0.00062
0.00194
0.0015
0.00013
-0.00119
-0.00056
-0.00038
0
-0.00038
-0.00025
0.00044
0.00062
0.00075
0.00081
-0.00044
-0.00044
-0.00013
0.00038
0.0005
-0.00006
-0.00006
-0.00025
-0.00031
-0.00038
-0.00119
-0.00131
-0.00025
0.00044
0.00112
-0.00038
-0.00175
-0.00137
-0.00069
-0.00119
-0.00106
-0.0015
-0.00144
-0.00013
-0.00025
-0.00081
-0.00031
-0.00088
-0.001
-0.00019
-0.00062
-0.00069
-0.00031
-0.00087
0
0.00025
-0.00006
-0.00025
-0.00081
0
0.00062
0.0005
0.001
0.00038
-0.00044
-0.00119
0.00025
0.00094
-0.00031
-0.00038
0.00019
0.0005
0.00012
-0.00025
-0.00025
-0.00019
0.00006
0.001
0
-0.00119
-0.00081
-0.00062
-0.00112
-0.00119
-0.00125
-0.00094
-0.0005
-0.0005
-0.00038
0.00012
0.00019
-0.00131
-0.00163
-0.0015
-0.00137
-0.00131
-0.00063
0.00038
0.00056
-0.00019
0.00013
-0.00038
-0.00112
-0.00044
-0.00031
-0.00013
0.00119
0.00119
0
-0.00081
-0.00125
-0.00062
0.00088
0.00112
0.00044
-0.00019
0.00044
-0.00031
0.00006
0.00069
-0.00062
-0.00075
-0.00006
0
0.00019
0.00044
-0.0005
-0.00106
-0.00112
-0.00075
-0.00069
-0.00112
-0.00119
0.00038
-0.00031
-0.00156
-0.00056
-0.00013
-0.00156
-0.00163
-0.00087
-0.001
0.00006
0.00038
-0.00044
-0.00169
-0.00156
-0.00069
0.00056
0.00069
0.00056
0
-0.00081
-0.00019
0.00006
0.00081
0.00044
-0.00088
-0.00031
0.00062
0.00137
0.00075
0.00031
0.00019
-0.00088
-0.00144
-0.00038
0.00094
0.00106
0.00019
-0.00013
-0.00025
-0.00125
-0.00137
-0.00056
0.00056
-0.001
-0.0015
-0.00012
-0.00081
-0.001
-0.00106
-0.00106
-0.00031
-0.00006
0.00013
-0.00131
-0.00144
0.00006
-0.00069
-0.00069
-0.00106
-0.00106
-0.00094
-0.00056
0.0005
0.00019
0
-0.00038
-0.00081
-0.001
-0.00075
0.00119
0.0025
0.00075
-0.00025
-0.00025
-0.00125
-0.0015
0.00112
0.00119
0.00006
0.00025
-0.00006
0
0.00019
0.00044
0.00013
-0.00025
0.00006
-0.00025
-0.00125
-0.0005
-0.00088
-0.00019
-0.0005
-0.00188
-0.00087
0.00056
0.00075
-0.00012
-0.00137
-0.00106
-0.00006
-0.00106
-0.00237
-0.00144
-0.00031
-0.00031
0.0005
-0.00038
-0.00156
-0.00038
-0.00013
-0.00056
0.00056
0.00056
-0.00075
-0.00137
-0.00056
0.00094
0.00062
0.00019
0.0005
0
0.00031
0.00125
0.00075
-0.00063
0.00019
-0.00038
-0.00087
-0.00013
0.00062
0.00062
-0.00031
-0.00013
0.00031
-0.00069
0.00006
0.00019
-0.00144
-0.00181
-0.0005
0.0005
-0.00006
-0.00169
-0.0015
-0.00025
-0.00056
-0.00062
-0.00087
-0.00144
-0.00075
0.00019
0
-0.00106
-0.00194
-0.00169
0
0.00031
-0.00094
-0.00038
0.00088
-0.00044
-0.00025
0.00038
-0.00025
-0.00012
0.00025
-0.00031
0.00038
0.00069
0.00019
0.00069
0.00025
-0.00056
0.00025
0.00038
0.00025
-0.00006
0.00025
0.00013
-0.00038
-0.00031
-0.00044
-0.00031
-0.00044
-0.0005
-0.00056
-0.0005
-0.00025
0
-0.00019
-0.00088
-0.00056
-0.00062
-0.00112
-0.00131
-0.00106
-0.00075
-0.00094
0.00006
-0.00062
-0.00119
-0.00019
-0.00038
-0.00031
0.00075
0
-0.00081
-0.00081
-0.00069
0.00013
0.0005
0.00006
-0.0005
0.00013
-0.00019
0.00013
0.00144
0.00031
-0.001
-0.00013
0.00019
-0.00019
-0.00025
0.00025
0.00056
0.00062
-0.00044
-0.00038
0.00031
-0.00044
-0.00044
0
-0.00025
-0.00069
-0.00119
-0.00081
-0.00094
-0.00081
0.00006
0.00044
0
-0.00156
-0.0015
-0.00094
-0.00056
-0.00006
-0.00038
-0.00125
-0.00131
0.00025
-0.00031
-0.00125
0.00013
-0.00081
-0.00094
0.00031
-0.00019
-0.00094
-0.00006
0.00088
0.00075
0.00031
-0.00031
-0.001
-0.00038
0.00019
0.00069
0.00019
-0.0005
0.00038
0
-0.00088
-0.00031
0.00075
0.00062
0.00056
0.00075
-0.0005
-0.00144
-0.00038
-0.001
-0.0015
-0.00088
0.00012
-0.00062
-0.00106
-0.00025
0.00025
-0.0005
-0.00056
-0.00094
-0.00175
-0.00094
-0.00044
-0.0005
-0.00044
-0.00106
-0.00106
-0.00025
-0.00019
-0.00056
-0.00031
0.00025
0.0005
-0.00038
-0.00038
-0.00056
0.00044
0.00031
-0.00025
0
0.00025
0.0005
-0.00013
0.00038
-0.00006
-0.00094
0.00006
0.00075
0.00031
0.00031
-0.00025
-0.00094
-0.00062
0.00006
-0.00019
-0.0005
0.00031
-0.00056
-0.00063
0.0005
-0.00006
-0.00044
-0.00075
-0.0015
-0.00187
-0.00125
-0.00019
-0.00019
-0.00006
-0.00025
-0.00038
-0.001
-0.00044
-0.0005
-0.00075
-0.00025
-0.00131
0.00044
0.00006
-0.00119
0
-0.00087
0.00006
0.00106
0.00056
0.00044
-0.00094
-0.00006
0.00019
-0.00137
-0.00006
0.00031
0
0.00044
0.00069
-0.00081
-0.00025
0.00088
0.00031
-0.001
-0.00119
-0.00012
0.00088
0.00056
-0.00075
-0.0015
-0.00131
-0.00056
0.00019
-0.00025
-0.00137
-0.00112
0.00006
-0.00006
-0.00031
-0.00087
-0.00125
0.00013
0.00031
-0.00156
-0.00119
0.00019
-0.00044
-0.00144
0
-0.00031
-0.00062
0.00019
-0.00019
0.00044
-0.00044
-0.00106
0.00044
-0.0005
0.00006
0.00119
0.00038
0.0005
-0.00075
-0.00031
0.00081
-0.00069
-0.00025
0.00019
-0.00012
0.00019
0.00025
-0.00069
-0.00038
0.00088
0.00025
-0.00056
-0.00106
-0.00219
-0.00069
0.00081
-0.00038
-0.00094
-0.00081
-0.001
-0.00094
-0.00006
-0.00031
-0.00081
-0.00094
-0.00069
0.00062
-0.0005
-0.00156
-0.00056
-0.00088
-0.00075
0.00056
0.00019
-0.00094
-0.00044
0.00019
0.00013
0.00025
0.00013
0.00013
-0.00038
0.00013
0.00044
-0.00025
-0.00044
0.00013
0.00031
-0.00044
0
0.00062
0.00012
0.00056
-0.00006
-0.00119
0
0.00044
0.00038
0.00019
-0.00137
-0.00131
0.00019
0
-0.00025
-0.00038
-0.0015
-0.00112
0.00025
-0.00019
-0.001
-0.00087
-0.00062
-0.00031
0
-0.00031
-0.00119
-0.00112
-0.00019
-0.0005
-0.00012
0.00088
0.0005
-0.00038
-0.001
-0.00038
-0.00012
-0.00038
0.00075
0.00025
-0.00062
-0.00013
0
0.00069
-0.00031
-0.00044
0.0005
-0.00013
0.00025
0.00075
-0.00069
-0.00013
0.00044
-0.00031
-0.00019
-0.00131
-0.00175
-0.00019
-0.00006
0.00025
0.00081
-0.00038
-0.00119
-0.00119
-0.00106
0.00013
-0.00019
-0.00163
-0.00112
-0.00081
-0.0005
0.00031
-0.00044
-0.00144
-0.001
-0.00013
0.00013
-0.00019
0
0
-0.00081
-0.00063
-0.00062
-0.00081
0.00013
0.00031
0.00044
0.00025
-0.00031
-0.00056
-0.00069
0.00019
0.00125
-0.00019
-0.00069
0.00056
-0.00013
0.00013
0
-0.00063
-0.00019
-0.00069
0.00013
0.00031
0.00019
0.00038
-0.00038
-0.00013
-0.00088
-0.00181
-0.00081
-0.00056
-0.00031
-0.00031
-0.001
-0.00112
-0.00075
