-0.000140765
0.000422295
0.00056306
0.000422295
-0.000140765
0
0.00028153
0.00028153
0.000422295
-0.000140765
0.000422295
0.00056306
0.000422295
0.000703825
-0.000140765
-0.00056306
0.000703825
0.000422295
0.00028153
-0.000422295
-0.000985355
0.000703825
0.00126688
0.000422295
-0.000422295
0
0.000140765
0.000140765
0.000422295
0.000422295
-0.00056306
0
0.000140765
0.000703825
0.000422295
-0.000703825
-0.00028153
-0.00028153
0
0
-0.00056306
0.00028153
0
0.000703825
-0.000422295
-0.000140765
0.000140765
0.00028153
0.000140765
0.00028153
-0.000140765
0
-0.00028153
0.00028153
0.000140765
-0.000140765
0.000140765
0.000422295
0.000140765
-0.000140765
-0.000140765
0.000140765
0.00028153
0.000422295
0.000140765
0.000140765
-0.00056306
0.000140765
0.000422295
0.000140765
-0.00028153
-0.000140765
-0.000140765
0.000140765
0
-0.000422295
0.000422295
-0.000422295
0.000140765
-0.000140765
-0.000703825
-0.00028153
-0.000422295
-0.00028153
-0.000703825
-0.000140765
0
-0.000140765
0
0.00028153
0.000422295
-0.000140765
0.00056306
0.00028153
0.000140765
-0.000422295
-0.00028153
-0.00028153
0.000422295
-0.000703825
-0.000422295
-0.000422295
0
0.000422295
-0.000140765
-0.00028153
-0.00028153
0.00028153
0.00056306
0.00056306
-0.00028153
0
0.000140765
0.00056306
0
-0.000140765
-0.00028153
0
-0.000140765
-0.000140765
-0.00028153
0.00028153
0.000422295
0.000422295
-0.00028153
-0.000140765
0.00056306
-0.00028153
0.00028153
0.000422295
0.000140765
0
0.000422295
-0.000140765
0.00056306
0.000140765
0.00056306
0.000140765
0.00028153
0
-0.000140765
-0.00028153
0
0.00056306
-0.00028153
-0.000140765
0
0.000703825
0.00140765
0.000140765
0.00056306
-0.000703825
-0.000422295
0.00056306
0.000703825
0
0.000422295
0.00056306
0.00112612
0.00112612
0.00028153
-0.000140765
0.000140765
0.000140765
0.00056306
0.00084459
0.000703825
0.00028153
-0.000140765
0.000422295
0.00112612
0.00028153
0.00028153
0.000422295
0.00056306
0.00028153
0.000140765
0.00056306
0.00295606
0.00703825
0.0106981
0.011965
0.0128096
0.0129504
0.0136542
0.0128096
0.0121058
0.011965
0.0135134
0.0156249
0.0140765
0.0111204
0.0084459
0.00900896
0.00914972
0.00774208
0.00731978
0.0080236
0.0115427
0.0104166
0.002393
-0.00689748
-0.0105574
-0.00647519
0.00295606
0.00788284
0.0108389
0.0123873
0.0168918
0.0216778
0.0204109
0.014358
0.0122466
0.0116835
0.0056306
-0.00675672
-0.0174549
-0.0274492
-0.0337836
-0.0429333
-0.0519423
-0.0536315
-0.0505346
-0.0412441
-0.0266046
-0.0218186
-0.0420887
-0.0674264
-0.0727755
-0.068271
-0.068271
-0.0688341
-0.0639073
-0.0488455
-0.0295606
-0.00337836
0.0288568
0.0582767
0.068271
0.058699
0.0399773
0.0222409
0.00619366
-0.0125281
-0.0343467
-0.056306
-0.0789692
-0.102336
-0.121621
-0.129222
-0.118665
-0.0999431
-0.0865705
-0.0793915
-0.07545
-0.0741832
-0.0751685
-0.0544761
0.0106981
0.106137
0.191159
0.232121
0.228039
0.212696
0.208895
0.203124
0.185951
0.184965
0.199464
0.18961
0.153715
0.105574
0.0599659
0.020974
-0.0206925
-0.0671449
-0.118243
-0.163569
-0.194678
-0.219593
-0.241834
-0.279982
-0.338118
-0.359514
-0.30546
-0.186654
-0.0275899
0.115287
0.178772
0.172015
0.144425
0.11768
0.0841775
0.0356135
-0.0144988
-0.0534907
-0.0816437
-0.0799545
-0.0105574
0.102336
0.175393
0.173282
0.135697
0.105433
0.0914972
0.0929049
0.120917
0.170607
0.204813
0.196649
0.161457
0.128378
0.106278
0.0860074
0.0541945
0.0163287
-0.0101351
-0.0056306
0.0335021
0.0684118
0.0637665
0.0387104
0.0256192
0.0146396
-0.00717901
-0.0378658
-0.0641888
-0.0693971
-0.0534907
-0.0356135
-0.0350505
-0.0494085
-0.0685526
-0.0891043
-0.111908
-0.132178
-0.129645
-0.103603
-0.0822068
-0.0865705
-0.110923
-0.130348
-0.124155
-0.0927641
-0.0408219
0.0188625
0.0499716
0.0394142
0.0101351
0.00506754
0.0363174
0.0798138
0.11402
0.124436
0.102899
0.0689749
0.0460302
0.0413849
0.0478601
0.0436371
0.0267453
0.0084459
-0.00900896
-0.0264638
-0.046734
-0.0602474
-0.0495493
-0.0202702
0.00295606
-0.00900896
-0.0434964
-0.0777023
-0.0990986
-0.116131
-0.124436
-0.12148
-0.109093
-0.0879781
-0.0620774
-0.0411034
-0.0239301
-0.0128096
-0.0144988
-0.0278715
-0.04969
-0.0688341
-0.0830514
-0.10304
-0.129926
-0.157938
-0.176519
-0.178349
-0.164554
-0.137387
-0.0799545
0.00816437
0.0775615
0.094031
0.0960017
0.134008
0.201998
0.252392
0.254081
0.216497
0.170326
0.131756
0.0898081
0.0351912
-0.0247746
-0.0708048
-0.07728
-0.0436371
-0.0128096
-0.0157657
-0.0427926
-0.0671449
-0.0931864
-0.136542
-0.171733
-0.132038
-0.016751
0.0884004
0.120213
0.103885
0.102055
0.139357
0.179475
0.177786
0.146114
0.138935
0.153856
0.13978
0.0989578
0.0767169
0.0931864
0.115287
0.114583
0.0944533
0.0685526
0.0510977
0.049127
0.0654557
0.0878374
0.0902304
0.0675672
0.0351912
-0.00591213
-0.0544761
-0.088682
-0.0895265
-0.0713679
-0.0599659
-0.0595436
-0.065315
-0.0819252
-0.108389
-0.139498
-0.16737
-0.185106
-0.182291
-0.155686
-0.109515
-0.0684118
-0.061092
-0.0755908
-0.0755908
-0.0522238
-0.0246339
-0.00534907
0.0084459
0.0164695
0.0187217
0.0160472
0.00774208
-0.00675672
-0.0229447
-0.0322352
-0.0230855
0.00211147
0.0219593
0.0259008
0.0150619
0.00788284
0.011965
0.0154842
0.00703825
-0.00830513
-0.0181587
-0.0195663
-0.0122466
-0.000703825
0.0084459
0.0088682
0.00619366
0.00929049
0.0190033
0.0236485
0.0125281
-0.00689748
-0.0101351
0.00605289
0.0270269
0.0363174
0.0350505
0.0297014
0.0232262
0.0149211
0.00323759
-0.00126689
0.002393
0.00760131
0.00830514
0.00746054
0.00914972
0.0102758
0.00548983
-0.00436371
-0.016751
-0.0311091
-0.044341
-0.0484232
-0.0342059
-0.00971279
0.0088682
0.0128096
0.00506754
0.00253377
0.0136542
0.0311091
0.041948
0.0335021
0.0142173
-0.00211147
-0.0126688
-0.0163287
-0.011402
0.000422295
0.0104166
0.0159064
0.016751
0.0146396
0.0101351
0.00225224
-0.00675672
-0.0130911
-0.0142173
-0.0136542
-0.0104166
-0.0142173
-0.0273084
-0.0357543
-0.0285753
-0.0139357
-0.00056306
0.00408219
0.00140765
-0.00943126
-0.0206925
-0.0301237
-0.0361766
-0.0403996
-0.0429333
-0.0450448
-0.0460302
-0.0463117
-0.0427926
-0.030546
-0.00957202
0.0142173
0.0356135
0.0506754
0.056306
0.0571506
0.0567283
0.0518015
0.0385696
0.0259008
0.0278715
0.044904
0.0584175
0.0513792
0.0304052
0.0271676
0.0458894
0.0599659
0.0519423
0.0380066
0.0336428
0.0373027
0.0346282
0.0170326
-0.00760131
-0.0243523
-0.0320944
-0.0349097
-0.0332205
-0.0306868
-0.0306868
-0.0325167
-0.0332205
-0.0311091
-0.0251969
-0.00464525
0.0387104
0.0885412
0.119509
0.127252
0.125281
0.112612
0.0913565
0.0660188
0.0437779
0.0253377
0.0104166
-0.00182995
-0.00746054
-0.00900896
-0.0139357
-0.0226632
-0.0312498
-0.0487047
-0.0739016
-0.103603
-0.124295
-0.122184
-0.0845998
-0.0306868
0.00703825
0.0173141
0.0221001
0.0392734
0.0568691
0.0575729
0.0468747
0.0349097
0.0106981
-0.0382881
-0.0926234
-0.122184
-0.116413
-0.0914972
-0.0612328
-0.0299829
-0.00394142
0.0136542
0.028153
0.0564468
0.0893858
0.0976909
0.0650334
0.0088682
-0.0456079
-0.0812214
-0.0810806
-0.0570098
-0.0311091
-0.0174549
-0.0125281
-0.0106981
-0.0181587
-0.0319537
-0.0335021
-0.0101351
0.0142173
0.0156249
0.000985355
-0.016188
-0.0308275
-0.0470155
-0.062922
-0.0720717
-0.0663003
-0.0430741
-0.0173141
0.000703825
0.0142173
0.0235078
0.0206925
0.00351913
-0.0163287
-0.0147803
-0.000703825
0.00858666
0.0160472
0.0277307
0.039555
0.0418072
0.0339244
0.0197071
-0.00112612
-0.0311091
-0.0592621
-0.0737609
-0.0670041
-0.0380066
0.00154842
0.0295606
0.046734
0.0647519
0.080236
0.0784061
0.0530684
0.0173141
-0.0105574
-0.0201294
-0.0171733
-0.00760131
0.00380065
0.0125281
0.020974
0.0318129
0.041948
0.0420887
0.0399773
0.0536315
0.0750277
0.0678487
0.0330798
0.00436371
0.000422295
0.00943126
0.0181587
0.0164695
0.00548983
-0.014358
-0.0342059
-0.0503939
-0.0547576
-0.0406811
-0.0116835
0.0154842
0.0229447
0.0132319
-0.00197071
-0.0170326
-0.023367
-0.0163287
0.00197071
0.0235078
0.0416664
0.0548983
0.0572914
0.0489862
0.0387104
0.0330798
0.035332
0.0440594
0.056306
0.073057
0.0843182
0.0836144
0.0729163
0.0548984
0.0387104
0.0243523
0.00689748
-0.0133727
-0.0367397
-0.0613735
-0.0841775
-0.0996616
-0.109656
-0.119932
-0.130067
-0.140343
-0.142736
-0.147662
-0.171593
-0.203828
-0.209177
-0.167792
-0.0957202
-0.0251969
0.0232262
0.0508162
0.0739016
0.101914
0.126548
0.132601
0.120213
0.105151
0.0961425
0.0891043
0.07545
0.0746055
0.0975501
0.115005
0.10853
0.0891043
0.0616551
0.0304052
-0.00211147
-0.0264638
-0.0392734
-0.0461709
-0.0527869
-0.0578544
-0.0571506
-0.0478601
-0.0430741
-0.0475786
-0.0548984
-0.0564468
-0.0436371
-0.0280122
-0.0343467
-0.0543353
-0.0558837
-0.0335021
-0.0088682
-0.00084459
-0.0088682
-0.016188
-0.0144988
-0.00394142
0.00999431
0.0182994
0.00872743
-0.0157657
-0.0365989
-0.0437779
-0.0442002
-0.0444817
-0.0437779
-0.0364581
-0.028153
-0.0239301
-0.0302645
-0.0413849
-0.0468747
-0.0501123
-0.0578544
-0.0664411
-0.065315
-0.0430741
-0.00647519
0.02576
0.0430741
0.052083
0.0574321
0.0534907
0.0385696
0.0195663
0.0123873
0.0236485
0.0337836
0.0273084
0.0084459
0.00056306
0.0170326
0.0464524
0.0641888
0.0572914
0.0370212
0.0222409
0.0237893
0.0332205
0.0381473
0.0382881
0.0340651
0.0291384
0.0226632
0.0133727
0.00126688
-0.0166103
-0.0387104
-0.0619366
-0.0647519
-0.0312498
0.0223816
0.0619366
0.0734793
0.0622181
0.0420887
0.0297014
0.032376
0.0295606
0.00746054
-0.0139357
-0.0084459
0.0204109
0.044341
0.0509569
0.0460302
0.0308275
0.00337836
-0.0337836
-0.0717901
-0.100225
-0.103462
-0.0961425
-0.0976909
-0.0784061
-0.0302645
0.00492677
0.00126688
-0.0247746
-0.0367397
-0.0261823
-0.00731978
0.00619366
0.0088682
0.0122466
0.0199886
0.0263231
0.0297014
0.0360358
0.0499716
0.065878
0.0664411
0.0506754
0.0280122
0.0105574
-0.000140765
-0.00337836
-0.00140765
0.00112612
0.00337836
0.0108389
0.0261823
0.0396957
0.0337836
0.00760131
-0.0177364
-0.0202702
-0.00112612
0.011402
0.00182995
-0.0178772
-0.0343467
-0.0363174
-0.0295606
-0.0313906
-0.0357543
-0.0223816
0.00548983
0.021537
0.0182994
0.00140765
-0.00830513
0.00309683
0.020974
0.0304052
0.0246339
0.00957202
0.00253377
0.00957202
0.019144
0.0144988
-0.00534907
-0.0230855
-0.0270269
-0.0225224
-0.0301237
-0.0478601
-0.0639073
-0.068271
-0.0553206
-0.0239301
0.0135134
0.0391327
0.0502531
0.0481416
0.0350505
0.0235078
0.0184402
0.0222409
0.0298422
0.0301237
0.0197071
0.0192848
0.0311091
0.0318129
0.0164695
0.00661595
0.0139357
0.0266046
0.0298422
0.0194256
0.00028153
-0.018581
-0.0356135
-0.0487047
-0.0482824
-0.0308275
0.00182995
0.0340651
0.0475786
0.0427926
0.0270269
0.00717902
-0.0105574
-0.0204109
-0.0239301
-0.0251969
-0.0278715
-0.0291384
-0.0243523
-0.0164695
-0.00900896
-0.00056306
0.00253377
0.00591213
0.0149211
0.0240708
0.0232262
0.0128096
0.00999431
0.0174549
0.0261823
0.0311091
0.0301237
0.0274492
0.0261823
0.0212555
0.0129504
0.00633442
0.00633442
0.00647519
-0.00225224
-0.0243523
-0.0564468
-0.082066
-0.0824883
-0.0554614
-0.0291384
-0.0318129
-0.0405403
-0.0254785
0.00309683
0.0147803
0.00295606
-0.0121058
-0.0128096
0.00112612
0.0168918
0.0301237
0.0403996
0.0426518
0.0391327
0.0471563
0.0591213
0.0527869
0.0306868
0.0204109
0.0285753
0.0406811
0.0403996
0.0344874
0.035332
0.0420887
0.044904
0.042511
0.0380066
0.0339244
0.0294199
0.0188625
0.00197071
-0.0198479
-0.0446225
-0.0674264
-0.0807991
-0.0831921
-0.0793915
-0.0660188
-0.0487047
-0.0330798
-0.0195663
-0.011965
-0.0111204
-0.0163287
-0.0206925
-0.0206925
-0.0197071
-0.0181587
-0.0129504
-0.00591213
-0.00253377
-0.00492677
-0.00506754
-0.00126688
0.00182995
0.00168918
-0.000422295
-0.00168918
0.000140765
0.00140765
0.00253377
0.00534907
0.0152026
0.0226632
0.0175956
0.00436371
-0.00309683
-0.00154842
-0.00140765
-0.00788284
-0.0175956
-0.0213963
-0.0160472
-0.0088682
-0.019144
-0.0460302
-0.0627812
-0.0534907
-0.0322352
-0.016751
-0.00746054
-0.00154842
0.00182995
0.00914972
0.0230855
0.0385696
0.0546168
0.0615143
0.0460302
0.0156249
-0.00774207
-0.00830513
0.000422295
0.0056306
0.00253377
0.00450448
0.021537
0.0458894
0.0489862
0.0243523
-0.00295606
-0.013795
-0.011965
-0.0147803
-0.0278715
-0.0364581
-0.0274492
-0.00197071
0.0178772
0.0250562
0.0256192
0.0280122
0.0295606
0.0244931
0.00788284
-0.0126688
-0.0282938
-0.0335021
-0.0313906
-0.0219593
-0.00746054
0.00591213
0.0136542
0.0152026
0.0104166
-0.00520831
-0.0226632
-0.0312498
-0.0251969
-0.0109797
-0.00140765
-0.00154842
-0.00295606
0.00408219
0.0123873
0.0188625
0.0323759
0.0530684
0.065878
0.0578544
0.0403996
0.0277307
0.0244931
0.0184402
0.00661595
-0.00450448
-0.00323759
0.00436371
0.00211147
-0.0142173
-0.0391327
-0.0616551
-0.0747462
-0.0731978
-0.0622181
-0.0461709
-0.0494085
-0.0603882
-0.0453263
-0.00703825
0.0264638
0.0384288
0.0351912
0.0322352
0.0309683
0.0180179
-0.0088682
-0.0339244
-0.0446225
-0.0437779
-0.035332
-0.0206925
-0.00253377
0.0150619
0.0253377
0.0246339
0.00943126
-0.0125281
-0.0309683
-0.0408219
-0.0444817
-0.040118
-0.0250562
-0.000985355
0.021537
0.0416664
0.0623589
0.0824883
0.0822068
0.0530684
0.0251969
0.0202702
0.0129504
-0.0129504
-0.034769
-0.0322352
-0.0201294
-0.0244931
-0.0380066
-0.035332
-0.0106981
0.0105574
0.00943126
-0.00633442
-0.0239301
-0.0358951
-0.0413849
-0.0434964
-0.0375843
-0.0237893
-0.00619366
0.011965
0.0250562
0.0368804
0.0492677
0.0554614
0.0522238
0.0420887
0.0316721
0.0205517
0.0104166
0.0102758
0.0250562
0.0356135
0.0256192
0.00464525
-0.00548983
0.00168918
0.0150619
0.0230855
0.0251969
0.0282938
0.0333613
0.034769
0.0318129
0.0323759
0.0385696
0.0482824
0.0529276
0.0465932
0.0309683
0.0080236
-0.0181587
-0.0426518
-0.0594028
-0.0660188
-0.0606697
-0.0533499
-0.0498308
-0.0487047
-0.0446225
-0.0301237
-0.00605289
0.0182994
0.0261823
0.0170326
0.000703825
-0.0136542
-0.0236485
-0.0368804
-0.0446225
-0.0313906
-0.0101351
-0.00661595
-0.0184402
-0.0244931
-0.0171733
-0.0116835
-0.0118243
-0.0135134
-0.011402
-0.00703825
0.00056306
0.00436371
0.00380066
0.00492677
0.0115427
0.0225224
0.0350505
0.0392734
0.0294199
0.0219593
0.0260415
0.0222409
-0.00450448
-0.0313906
-0.0365989
-0.0239301
-0.0192848
-0.037162
-0.0557429
-0.04969
-0.0243523
-0.0028153
0.0104166
0.0197071
0.0263231
0.0273084
0.0247746
0.0259008
0.0301237
0.0264638
0.0163287
0.014358
0.0287161
0.0391327
0.0275899
0.000422295
-0.0184402
-0.0177364
-0.0123873
-0.0115427
-0.0150619
-0.0171733
-0.0166103
-0.00872743
0.00591213
0.0190033
0.0282938
0.0297014
0.0256192
0.0174549
0.00703825
-0.00126688
-0.00999431
-0.016188
-0.0184402
-0.0156249
-0.00633442
0.0056306
0.00675672
-0.00661595
-0.0202702
-0.0228039
-0.0182994
-0.00971279
-0.000140765
0.0028153
-0.00197071
-0.0109797
-0.0149211
-0.0192848
-0.0330798
-0.0446225
-0.0311091
0.002393
0.0243523
0.0259008
0.0142173
-0.00323759
-0.0149211
-0.0164695
-0.00394142
0.014358
0.0295606
0.0354728
0.0327982
0.034769
0.0446225
0.0322352
-0.0108389
-0.053913
-0.065878
-0.0589805
-0.0602474
-0.0551799
-0.013795
0.047297
0.0817845
0.0681303
0.0373027
0.0275899
0.0249154
0.00492677
-0.0222409
-0.0322352
-0.0247746
-0.0153434
-0.0132319
-0.0249154
-0.0525053
-0.0798137
-0.084459
-0.0695379
-0.0571506
-0.0533499
-0.0480009
-0.0302645
-0.00492677
0.0144988
0.0250562
0.0344874
0.047297
0.0591213
0.0675672
0.0746055
0.0785469
0.0713679
0.0488455
0.0278715
0.019144
0.00534907
-0.0140765
-0.0264638
-0.0223816
-0.0121058
-0.016751
-0.0423703
-0.0643296
-0.0606697
-0.037162
-0.0125281
0.00056306
0.00717901
0.0147803
0.0271676
0.0432149
0.0546168
0.0544761
0.0396957
0.0178772
0.00126688
-0.00872743
-0.0181587
-0.0368804
-0.061092
-0.0719309
-0.0703825
-0.0668634
-0.0698194
-0.0789692
-0.0867112
-0.0885412
-0.0871335
-0.0750277
-0.0373027
0.0180179
0.0737609
0.108389
0.105996
0.0734793
0.0291384
-0.0102758
-0.0299829
-0.0327982
-0.0195663
0.00450448
0.0254785
0.0354728
0.0284345
0.00197071
-0.0315314
-0.0546168
-0.070664
-0.0861482
-0.0917788
-0.079673
-0.0557429
-0.0291384
-0.00154842
0.0299829
0.0668634
0.103462
0.130208
0.143862
0.142595
0.130911
0.107685
0.0753093
0.053913
0.0603882
0.0684118
0.0570098
0.0363174
0.0222409
0.0178772
0.0144988
0.00900896
0.00267453
-0.00197071
0.000422295
0.00548983
0.00309683
-0.00351912
-0.0118243
-0.0251969
-0.0439187
-0.0567283
-0.0564468
-0.0488455
-0.0402588
-0.0306868
-0.016188
-0.00084459
0.00520831
0.00858666
0.0135134
0.0126688
0.00577137
-0.00464525
-0.0121058
-0.016751
-0.0184402
-0.0140765
-0.00492677
0.00506754
0.00929049
0.0152026
0.021537
0.0260415
0.0253377
0.0218186
0.0221001
0.0251969
0.02576
0.0251969
0.0223816
0.0240708
0.0304052
0.0327982
0.0330798
0.0378658
0.0447633
0.0422295
0.0289976
0.00971279
-0.00436371
-0.00478601
0.002393
0.00394142
0.00577137
0.0111204
0.0164695
0.0225224
0.0251969
0.0277307
0.0268861
0.0243523
0.019144
0.00689748
-0.00957202
-0.02576
-0.037725
-0.046734
-0.05152
-0.0470155
-0.0320944
-0.0168918
-0.00394142
0.0028153
0.00394142
0.000422295
-0.00619366
-0.0122466
-0.0187217
-0.0275899
-0.034769
-0.0398365
-0.0358951
-0.0278715
-0.0188625
-0.00943126
0.00126689
0.0101351
0.0104166
-0.00323759
-0.019144
-0.0271676
-0.02576
-0.0235078
-0.0204109
-0.0152026
-0.00943126
-0.00478601
-0.00380066
-0.000985355
0.00140765
0.00380066
0.00619366
0.00647519
0.00253377
-0.000703825
0.00422295
0.016751
0.0270269
0.0271676
0.0205517
0.0115427
0.00225224
-0.0112612
-0.0261823
-0.037162
-0.0437779
-0.0464524
-0.0409626
-0.0282938
-0.0126688
-0.00028153
-0.000985355
-0.0105574
-0.0144988
-0.00760131
0.00126688
0.00295606
0.00492677
0.00929049
0.0132319
0.00943125
0.00703825
0.0194256
0.0406811
0.0450448
0.0225224
-0.00731978
-0.021537
-0.0219593
-0.0173141
-0.0177364
-0.0198479
-0.0198479
-0.0152026
-0.00717901
-0.00534907
-0.0140765
-0.0242116
-0.0202702
-0.00830514
-0.00267453
-0.00731978
-0.0126688
-0.00900896
-0.00168918
0.00112612
0.00168918
0.00591213
0.00957202
0.0156249
0.019144
0.0190033
0.011402
0.00225224
-0.00450448
-0.00760131
-0.0111204
-0.0160472
-0.0195663
-0.0175956
-0.0136542
-0.0152026
-0.0177364
-0.0184402
-0.0125281
-0.00830513
-0.00746054
-0.00689748
0.000422295
0.00971279
0.0182994
0.0268861
0.0381473
0.0465932
0.0422295
0.0253377
0.0112612
0.0160472
0.0253377
0.0170326
-0.00394142
-0.0166103
-0.0190033
-0.0184402
-0.0175956
-0.0166103
-0.0204109
-0.0302645
-0.0322352
-0.0168918
0.00914972
0.0218186
0.0212555
0.0180179
0.0177364
0.0171733
0.011402
0.00492677
-0.000422295
0.00140765
0.00760131
0.011402
0.00816437
0.00028153
-0.00661595
-0.00816437
-0.0080236
-0.00788284
-0.00717902
-0.0125281
-0.0301237
-0.0480009
-0.0498308
-0.035332
-0.0205517
-0.0181587
-0.0225224
-0.0260415
-0.0246339
-0.0160472
-0.00084459
0.0128096
0.023367
0.030546
0.0299829
0.0235078
0.0160472
0.00985355
0.00943126
0.0133727
0.0174549
0.018581
0.0163287
0.0144988
0.0133727
0.00999431
0.00295606
-0.00464525
-0.0101351
-0.0160472
-0.0219593
-0.0301237
-0.0326575
-0.0237893
-0.0128096
-0.00365989
0.00436371
0.00689748
0.00633442
0.00858666
0.0135134
0.0147803
0.0106981
0.00717902
0.00788284
0.00985355
0.00661595
-0.00154842
-0.00619366
-0.00619366
-0.00506754
-0.0056306
-0.00900896
-0.011965
-0.014358
-0.0175956
-0.0225224
-0.0261823
-0.0243523
-0.013795
-0.00154842
0.00534907
0.00577137
0.00633442
0.0084459
0.0118243
0.013795
0.0084459
-0.00154842
-0.00591213
-0.00703825
-0.00689748
-0.00492677
0.00182995
0.00985355
0.0139357
0.0152026
0.014358
0.0121058
0.0111204
0.0108389
0.00929049
0.00647519
0.00703825
0.00914972
0.00971279
0.00788284
0.00703825
0.00619366
0.00323759
0
-0.00492677
-0.00999431
-0.0126688
-0.00971279
-0.00380065
0.00337836
0.00774207
0.00985355
0.00943126
0.00900896
0.0101351
0.00731978
0.002393
0.000703825
0.00182995
0.00253377
0.00267453
0.00548983
0.0084459
0.0080236
0.00534907
0.002393
0.002393
0.00394142
0.00591213
0.00661595
0.00492677
0.0028153
0.00084459
-0.000422295
-0.00056306
-0.00056306
-0.00056306
0
0.00168918
0.00365989
0.00661595
0.00999431
0.0157657
0.0239301
0.0268861
0.0212555
0.00971279
0.00506754
0.00689748
0.00858666
0.00365989
-0.00380066
-0.00731978
-0.00703825
-0.0056306
-0.0080236
-0.0088682
-0.0028153
0.00478601
0.00675672
0.00408219
0.00408219
0.00788284
0.00957202
0.00689748
0.00591213
0.00872743
0.0126688
0.0133727
0.0135134
0.0133727
0.0130911
0.011965
0.0115427
0.00914972
0.00731978
0.00731978
0.00703825
0.00140765
-0.00520831
-0.014358
-0.0225224
-0.0232262
-0.0226632
-0.0223816
-0.0188625
-0.0130911
-0.00900896
-0.00211147
0.00534907
0.00830513
0.00661595
0.00661595
0.0146396
0.0232262
0.0242116
0.0206925
0.016751
0.0135134
0.00661595
-0.00225224
-0.00830513
-0.0121058
-0.0164695
-0.0184402
-0.023367
-0.0309683
-0.0335021
-0.0297014
-0.0239301
-0.0198479
-0.013795
-0.00323759
0.00548983
0.00943125
0.0135134
0.0178772
0.0205517
0.0222409
0.0204109
0.0144988
0.00788284
0.00253377
-0.00211147
-0.00647519
-0.0116835
-0.013795
-0.0135134
-0.0123873
-0.0126688
-0.0163287
-0.0180179
-0.0168918
-0.0115427
-0.00295606
0.00365989
0.00830514
0.0102758
0.0122466
0.0147803
0.0108389
0.00380066
0.00112612
0.00211147
0.00337836
0.00323759
0.00084459
0.00056306
0.00112612
0.002393
-0.00084459
-0.00309683
-0.00380066
-0.00647519
-0.0111204
-0.0142173
-0.0156249
-0.014358
-0.00957202
-0.00211147
0.00168918
0.00309683
0.00267453
0.00422295
0.00605289
0.00661595
0.00534907
0.00253377
0.000140765
-0.00126688
-0.00422295
-0.00605289
-0.00633442
-0.00548983
-0.00577137
-0.00957202
-0.0130911
-0.0123873
-0.00520831
0.00168918
0.00126688
-0.00436371
-0.0136542
-0.0213963
-0.023367
-0.0192848
-0.0129504
-0.00999431
-0.0084459
-0.00816437
-0.00999431
-0.0129504
-0.0130911
-0.00971279
-0.00731978
-0.00591213
-0.00436371
0.00056306
0.00957202
0.0133727
0.011965
0.0102758
0.0164695
0.0244931
0.0274492
0.0242116
0.0221001
0.0211147
0.0147803
0.0133727
0.0278715
0.0456079
0.0432149
0.0278715
0.0164695
0.014358
0.0128096
0.0116835
0.0115427
0.00816437
0.00253377
-0.00422295
-0.0084459
-0.00633442
-0.00365989
-0.00633442
-0.0125281
-0.0173141
-0.0142173
-0.00914972
-0.0088682
-0.0139357
-0.0171733
-0.0152026
-0.0118243
-0.0149211
-0.0190033
-0.0204109
-0.0192848
-0.0170326
-0.0135134
-0.00717902
-0.0129504
-0.0263231
-0.0335021
-0.0275899
-0.0139357
-0.00506754
-0.00267453
-0.00450448
-0.00717902
-0.00633442
-0.00605289
-0.00788284
-0.00872743
-0.011965
-0.0128096
-0.0118243
-0.0108389
-0.0116835
-0.0136542
-0.0129504
-0.0101351
-0.00436371
-0.002393
-0.00577137
-0.00647519
0
0.00774207
0.00957202
0.00548983
0.00295606
0.00140765
0.00197071
-0.00056306
-0.00717902
-0.00929049
-0.00534907
0.00154842
0.00717902
0.0121058
0.011965
0.00943126
0.00943126
0.00816437
0.00605289
0.00450448
0.00577137
0.00605289
0.00084459
-0.00520831
-0.00520831
-0.00408219
-0.00506754
-0.00900896
-0.0122466
-0.0140765
-0.0121058
-0.00830513
-0.00577137
-0.0028153
0.002393
0.00774208
0.0128096
0.0164695
0.0204109
0.0253377
0.0259008
0.0249154
0.0266046
0.0253377
0.0204109
0.016188
0.0157657
0.0128096
0.00591213
0.00168918
0.0084459
0.0192848
0.0229447
0.0159064
0.00689748
0.000703825
-0.00140765
0.00028153
0.00267453
0.00154841
-0.00464525
-0.00717902
-0.00492677
-0.00380066
-0.00506754
-0.00647519
-0.00365989
0.00140765
0.00351912
0.000422295
-0.00365989
-0.00464525
-0.00394142
-0.00506754
-0.00746054
-0.0088682
-0.0080236
-0.00577137
-0.00450448
-0.0056306
-0.00492677
-0.00225224
-0.00337836
-0.0102758
-0.0164695
-0.0139357
-0.00605289
0.00295606
0.00661595
0.00689748
0.00675672
0.00957202
0.011965
0.00872743
0.00197071
-0.00197071
-0.00154842
0.00084459
0.00140765
0.00028153
-0.00028153
0.00056306
0
0.00028153
0.00028153
0.000140765
-0.000140765
0.00084459
0.00028153
0.00028153
0.00056306
0.000703825
0.000422295
0.00028153
0.000422295
-0.000422295
-0.00084459
0.00056306
0.00140765
0.00154842
0.000985355
0.000140765
0.002393
0.00661595
0.0157657
0.0219593
0.0194256
0.011965
0.00675672
0.00675672
0.00605289
0.00225224
-0.000140765
-0.000140765
-0.000703825
-0.00084459
-0.00309683
-0.00450448
0.000140765
0.00548983
0.00689748
0.00633442
0.00731978
0.00943126
0.0132319
0.0159064
0.0192848
0.0206925
0.0190033
0.0175956
0.0173141
0.0173141
0.0140765
0.00746054
0.00140765
-0.00450448
-0.0088682
-0.0112612
-0.0139357
-0.0157657
-0.0174549
-0.0181587
-0.0142173
-0.0108389
-0.00929049
-0.00703825
-0.00380065
-0.000703825
-0.002393
-0.00731978
-0.00929049
-0.0109797
-0.0123873
-0.0121058
-0.00957202
-0.0088682
-0.0108389
-0.0111204
-0.0101351
-0.00900896
-0.00816437
-0.00929049
-0.00830513
-0.00605289
-0.00309683
-0.000985355
-0.000703825
-0.00548983
-0.0125281
-0.0198479
-0.0208332
-0.0173141
-0.0129504
-0.0140765
-0.0163287
-0.0156249
-0.0101351
-0.00647519
-0.00647519
-0.00816437
-0.0056306
0.00197071
0.00661595
0.00703825
0.00337836
0.00112612
0.00168918
0.00225224
-0.00197071
-0.00647519
-0.00661595
-0.00267453
-0.00112612
-0.00450448
-0.00703825
-0.00605289
-0.000140765
0.00168918
0.00182995
0.000422295
0.00309683
0.0080236
0.0112612
0.0125281
0.0135134
0.013795
0.0152026
0.0175956
0.0175956
0.0129504
0.00914972
0.00830513
0.00957202
0.00689748
0.00337836
0.00323759
0.0056306
0.00577137
0.00140765
-0.00436371
-0.00478601
-0.00323759
-0.0028153
-0.00394142
-0.00478601
-0.000422295
0.00351912
0.00577137
0.00492677
0.00267453
0.00309683
0.00408219
0.00506754
0.00225224
0.000422295
0.002393
0.00689748
0.0102758
0.00703825
-0.00028153
-0.00520831
-0.00492677
-0.00225224
-0.00422295
-0.00591213
-0.00633442
-0.00225224
0.00112612
0.00182995
0.00182995
0.00211147
0.00309683
0.00394142
0.00365989
0.00295606
0.00225224
0.00140765
0.00168918
0.00197071
0.00154842
0.00056306
-0.000985355
-0.002393
-0.00464525
-0.00112612
0.00084459
0.00197071
0.00126688
0.000703825
0.00253377
0.00436371
0.00422295
0.00450448
0.00351913
0.00450448
0.00591213
0.00675672
0.00605289
0.00450448
0.00717902
0.00703825
0.00703825
0.00380065
-0.000703825
-0.00168918
-0.00267453
-0.00211147
-0.00408219
-0.00788284
-0.00971279
-0.00971279
-0.00816437
-0.00591213
-0.00548983
-0.00703825
-0.00830513
-0.00999431
-0.00816437
-0.00717902
-0.00661595
-0.00534907
-0.00211147
0
-0.00323759
-0.00971279
-0.0153434
-0.0184402
-0.016188
-0.0121058
-0.00943126
-0.00914972
-0.00830513
-0.00478601
-0.00197071
-0.00197071
-0.00309683
-0.00380066
-0.002393
-0.002393
0.00154842
0.00450448
0.00605289
0.00436371
0.00323759
0.00295606
0.00295606
0.00337836
0.00478601
0.00577137
0.00675672
0.00731978
0.00647519
0.00619366
0.00788284
0.00971279
0.0109797
0.0118243
0.0122466
0.00788284
0.00267453
0.00168918
0.00774207
0.0195663
0.0246339
0.0206925
0.0121058
0.00731978
0.00548983
0.00506754
0.00450448
0.00380066
0.00492677
0.00619366
0.00408219
0.000140765
-0.00225224
-0.00323759
-0.00788284
-0.00971279
-0.00577137
-0.00380066
-0.00731978
-0.0121058
-0.0146396
-0.0108389
-0.00872743
-0.0084459
-0.00788284
-0.00633442
-0.00464525
-0.00323759
-0.00408218
-0.00365989
-0.00365989
-0.00140765
0
0.00112612
0.00126688
0.000703825
0.000985355
0.00337836
0.00717902
0.0116835
0.0132319
0.0132319
0.0115427
0.0101351
0.00957202
0.0104166
0.0088682
0.00450448
0.00534907
0.00746054
0.00591213
0.00056306
-0.00337836
-0.00394142
-0.00365989
-0.0084459
-0.014358
-0.0153434
-0.0111204
-0.00731978
-0.00436371
-0.00056306
0.00168918
0.0028153
0.002393
0
0.00154842
0.00323759
0.00534907
0.0088682
0.00760131
0.0028153
-0.00140765
-0.00126688
0.000140765
-0.00295606
-0.00577137
-0.00577137
-0.00577137
-0.00788284
-0.0101351
-0.0101351
-0.011965
-0.0112612
-0.00661595
-0.00197071
-0.00056306
-0.00619366
-0.0140765
-0.0218186
-0.0222409
-0.016751
-0.0111204
-0.0088682
-0.00816437
-0.00872743
-0.00661595
-0.00211147
-0.00056306
-0.00197071
-0.00408219
-0.00253377
0.00225224
0.00577137
0.00619366
0.00506754
0.00436371
0.000703825
-0.00267453
-0.000422295
0.00450448
0.00689748
0.00577137
0.00577137
0.00689748
0.00689748
0.00731978
0.00675672
0.00703825
0.00675672
0.00337836
0.000422295
-0.00337836
-0.00295606
-0.00084459
-0.000703825
-0.00605289
-0.0112612
-0.0116835
-0.00914972
-0.00717901
-0.00365989
-0.00197071
0.000422295
0.00211147
0.00464525
0.00675672
0.00943126
0.0129504
0.014358
0.0128096
0.011965
0.0104166
0.0080236
0.00534907
0.00168918
0.000985355
0.00661595
0.0154842
0.0212555
0.0195663
0.0156249
0.0105574
0.0088682
0.00703825
0.00717902
0.00929049
0.0088682
0.00788284
0.0056306
0.00197071
0.00126689
0.002393
0.00408219
0.00464525
0.00182995
-0.000140765
-0.00211147
-0.00211147
-0.00140765
-0.00084459
-0.000985355
-0.00295606
-0.00605289
-0.00816437
-0.00633442
-0.00394142
-0.00464525
-0.00506754
-0.00605289
-0.00717902
-0.00619366
-0.00548983
-0.00422295
-0.00436371
-0.00408219
-0.00464525
-0.0056306
-0.00577137
-0.00661595
-0.00731978
-0.00577137
-0.00154842
-0.00056306
-0.00267453
-0.00506754
-0.00408219
-0.00056306
0.00112612
0.00154842
-0.000140765
0.000985355
0.000985355
0.000140765
-0.00140765
-0.00140765
0.00154842
0.00365989
0.00394142
0.00267453
0.00126688
0.00056306
-0.00084459
-0.00126689
-0.000422295
0.00112612
-0.00056306
-0.00309683
-0.0056306
-0.00872743
-0.0105574
-0.011402
-0.0109797
-0.00943126
-0.00548983
-0.000985355
0.00028153
-0.00211147
-0.0088682
-0.0150619
-0.0164695
-0.0123873
-0.0080236
-0.0056306
-0.00478601
-0.0056306
-0.00534907
-0.00422295
0.000422295
0.00422295
0.00520831
0.00394142
0.00323759
0.00337836
0.00323759
0.00168918
0.00126689
0.000985355
0.00182995
0.00337836
0.00394142
0.0028153
-0.00056306
-0.00309683
-0.00154842
-0.00126688
-0.00126689
0.000422295
0.00197071
0.000703825
-0.00225224
-0.00464525
-0.00534907
-0.00492677
-0.00520831
-0.00647519
-0.00689748
-0.00633442
-0.00450448
0.00056306
0.00154842
-0.00154842
-0.0056306
-0.00703825
-0.00351912
0.00140765
0.00492677
0.0056306
0.0028153
-0.00211147
-0.00661595
-0.00858666
-0.0116835
-0.0142173
-0.011402
-0.00830513
-0.00717902
-0.00380066
0.00534907
0.0142173
0.0166103
0.0115427
0.00309683
-0.00394142
-0.00140765
0.00422295
0.00957202
0.0109797
0.00914972
0.00337836
-0.002393
-0.00422295
-0.000703825
0.00168918
-0.00506754
-0.0106981
-0.00858666
-0.00140765
0.002393
0.00154842
0.00225224
0.0056306
0.00746054
0.00816437
0.00872743
0.00830513
0.00408219
-0.00140765
-0.00351913
0.00225224
0.0102758
0.0153434
0.0129504
0.00577137
-0.000422295
-0.00197071
0.00182995
0.0056306
0.00619366
0.00478601
0.00197071
-0.00084459
-0.00295606
0.00056306
0.00295606
0.00337836
0.00253377
0.00450448
0.00929049
0.0088682
0.00337836
-0.00112612
-0.00126688
0.00182995
0.00267453
0.00253377
0.00675672
0.0102758
0.0115427
0.00534907
-0.00112612
-0.002393
0.00154842
0.00351913
0.00056306
-0.00295606
-0.00548983
-0.00872743
-0.00929049
-0.00858666
-0.00703825
-0.00295606
-0.000140765
0.00112612
0.00112612
-0.000422295
-0.000703825
0.00126688
0.002393
0.00577137
0.0104166
0.011402
0.00605289
0.00056306
-0.000985355
-0.002393
-0.00478601
-0.00731978
-0.00858666
-0.00760131
-0.00605289
-0.00267453
-0.000985355
-0.00056306
-0.000422295
-0.00182995
-0.00351912
-0.00605289
-0.00450448
-0.000422295
0.00394142
0.00661595
0.0056306
0.002393
-0.000140765
-0.000703825
0.000703825
0.00140765
0.00182995
0.00577137
0.0105574
0.0140765
0.0133727
0.0111204
0.0116835
0.0115427
0.0122466
0.0121058
0.0128096
0.011965
0.00943126
0.00858666
0.00788284
0.00450448
0.00154842
0.00197071
0.00365989
0.00182995
-0.00351912
-0.00703825
-0.00647519
-0.00464525
-0.00436371
-0.00534907
-0.00492677
-0.00464525
-0.00492677
-0.00577137
-0.00464525
-0.00365989
-0.0028153
-0.00464525
-0.00464525
-0.00323759
-0.00182995
-0.0028153
-0.00380066
-0.00492677
-0.0028153
-0.000703825
-0.00182995
-0.00548983
-0.00492677
-0.0028153
-0.00056306
-0.002393
-0.00605289
-0.00464525
-0.00056306
-0.00056306
-0.00337836
-0.0056306
-0.0028153
0.00028153
-0.000140765
-0.00337836
-0.00520831
-0.00323759
0.000422295
-0.00028153
-0.00253377
-0.00337836
-0.00197071
-0.00154842
-0.00182995
-0.00182995
-0.000703825
-0.000985355
-0.00056306
-0.00056306
-0.00154842
-0.00112612
-0.00126688
-0.000422295
-0.00197071
-0.00464525
-0.00309683
-0.00028153
0.00126688
-0.000985355
-0.00295606
-0.00140765
0
0.000422295
-0.00056306
-0.00140765
-0.000140765
-0.00056306
-0.00084459
-0.00126688
-0.00084459
0.00056306
-0.00028153
0.000140765
-0.00084459
0.000140765
0.000422295
-0.00028153
0.000140765
0.00084459
0.00028153
0.000422295
0.00028153
0.00056306
0.000140765
-0.00028153
0.000140765
-0.000140765
-0.00126688
-0.00211147
-0.00337836
-0.00211147
-0.00168918
-0.0028153
-0.00211147
-0.000703825
-0.000140765
-0.000422295
-0.000985355
-0.00084459
0.00084459
0.000985355
0.00028153
0.00056306
0.00028153
0.000422295
0.00140765
0.00056306
-0.000140765
-0.00140765
-0.000703825
0.000422295
0
-0.00112612
-0.00084459
0.000703825
0.00168918
0.00056306
-0.000985355
0.00028153
0.00182995
0.00211147
0.000703825
0.000140765
-0.00056306
0.000422295
0.00056306
0
-0.000422295
0.00168918
0.00084459
-0.00084459
-0.00211147
0.00056306
0.00309683
0.00140765
-0.00084459
0
0.00182995
0.00182995
-0.00056306
-0.00112612
0.000422295
0.00154842
0.000422295
-0.00154842
-0.00154842
0.000422295
0.00154842
0.000985355
0.00112612
0.00154842
0.000703825
-0.000422295
-0.000985355
-0.000422295
0.00126688
0.002393
0.000985355
0
-0.000422295
-0.000140765
0.000140765
0.00112612
0.00126689
0.000140765
-0.00056306
0.00084459
0.00225224
0.00112612
-0.00112612
-0.00056306
0.00197071
0.00211147
-0.000140765
-0.00197071
0.00084459
0.00211147
0.00112612
0
-0.00084459
0
0.000985355
0.00154842
0.00056306
-0.000985355
0.000140765
0.00084459
0.00112612
0.000422295
0
-0.000140765
-0.00126688
-0.000985355
0.00140765
0.00126688
0
-0.00140765
-0.00126688
-0.000140765
0.00084459
0.00211147
0.00140765
-0.000422295
-0.000703825
0.00028153
0.00084459
0.000422295
-0.000422295
0.000140765
0.002393
0.00140765
-0.00168918
-0.00154842
0.000140765
0.00154842
-0.00084459
-0.00309683
-0.00112612
0.00084459
0.00084459
0.00140765
0.000703825
-0.00028153
0.00056306
0
0.000140765
0.000422295
0.000703825
-0.00140765
-0.00211147
-0.000422295
0.00056306
0.000703825
0.00112612
0.00028153
0.000140765
-0.00154842
-0.00112612
0.000985355
0.00168918
0.00182995
0.00126688
0
-0.00126688
-0.00154842
-0.00028153
0.00211147
0.00112612
-0.00112612
-0.00365989
-0.014358
-0.0388511
-0.032939
0.0132319
0.0415257
0.0270269
-0.000985355
-0.00872743
0.00295606
0.00929049
0.00478601
-0.00112612
0
0.00309683
0.00267453
0.000140765
-0.000422295
0.00028153
0.000703825
-0.000703825
-0.000703825
-0.00028153
0.00056306
0.000985355
-0.000140765
0.000422295
0.000140765
0.00056306
0.000985355
0.000422295
0.00028153
-0.000985355
-0.000422295
0
-0.000985355
-0.000703825
-0.000140765
0.00028153
0.000703825
0.00056306
0.00056306
0.000703825
-0.00028153
0
-0.00028153
-0.00028153
-0.000140765
-0.00028153
-0.000422295
-0.000140765
0.000140765
0
0.000703825
0.000422295
0.00028153
0.00028153
0.00056306
0.00056306
0.00084459
0.000422295
0.00028153
0.00056306
0.000422295
0.00056306
0
0.000140765
0.000140765
0.00084459
0.000703825
0.00084459
0
0.000422295
0.00056306
0.000140765
-0.00056306
-0.00028153
0.00028153
0.000703825
0.00112612
0.00028153
0.000140765
0.000985355
0.000703825
0.000703825
0.00056306
-0.00028153
-0.00028153
-0.000703825
0.000140765
0.000140765
-0.00028153
-0.000422295
0.000140765
0.00112612
0.00112612
0.00112612
0.00056306
0.000985355
0.00028153
0.00028153
0.000140765
-0.000140765
0.00056306
0.000703825
-0.000140765
0.000422295
0.000985355
0.000985355
0.000703825
0.00084459
0.00056306
0.000422295
0.00056306
0.000422295
0.000422295
0
0.00056306
0.00056306
0.000985355
0.00056306
0.000422295
0.000422295
0.000703825
0.00056306
0.000422295
-0.00028153
0
0.000422295
0.00056306
0.000422295
0.00028153
-0.00028153
0.000422295
0.000985355
0.00056306
-0.00028153
0.000985355
0.000703825
0
0
0.00028153
0.00028153
0.000422295
0.000703825
0.000422295
0
0.000422295
0.000703825
0.000703825
0.00028153
0.000140765
-0.000140765
0.000140765
0.000985355
0.000985355
0.000422295
-0.00028153
0.000703825
0.00112612
0
-0.00028153
-0.000140765
0
0.00056306
-0.00028153
-0.000140765
-0.00028153
0.000140765
0.000703825
0
0.000140765
-0.000140765
0
0.00140765
0.00056306
0.000422295
0.00028153
-0.000140765
0.00028153
0.00056306
0
-0.000140765
-0.00056306
0.00056306
0.00056306
0
-0.000422295
0.000140765
0.00084459
-0.000140765
-0.000140765
0
-0.000140765
0.000422295
0
0
0.00028153
0.00028153
0.000422295
0.000422295
0.000422295
0.000422295
0.000140765
0.000985355
0
-0.000422295
0.00028153
-0.00028153
-0.000140765
0
-0.00056306
0.00028153
0.000422295
0.000422295
-0.00028153
0.000422295
-0.000140765
-0.000422295
-0.00028153
0.000140765
-0.00028153
0
-0.000140765
-0.000140765
-0.00028153
-0.00028153
0
-0.00028153
0.000422295
0.00028153
0.000422295
0.000140765
0.000140765
-0.00028153
-0.00028153
-0.00028153
-0.00084459
0.000140765
0.000140765
-0.000140765
-0.00056306
0
0
0.000140765
-0.00028153
0.000140765
0.00028153
0
-0.00028153
0
-0.000140765
0
0.00028153
-0.00056306
0
0
-0.00056306
-0.00084459
-0.00028153
0
-0.000140765
-0.00028153
0.000703825
0.00028153
-0.00028153
0.00028153
-0.00056306
-0.00028153
-0.000140765
-0.000422295
-0.000422295
-0.00056306
-0.000422295
-0.00056306
-0.000703825
-0.000422295
-0.000140765
-0.00028153
0.00028153
0.000140765
0.000140765
-0.00028153
-0.00028153
0
0.00028153
0.00028153
-0.00028153
-0.000422295
0.00028153
0.00028153
0.00028153
0.00028153
-0.000140765
0.00028153
0.000140765
0.00056306
0.000703825
0.000422295
0
-0.00028153
0.00056306
-0.000422295
-0.000140765
0.000422295
0.000140765
0.000140765
-0.00028153
0.00056306
0
0
0
0
0.00084459
0.00028153
-0.000140765
0.00056306
0
0.00028153
0.000422295
0.00028153
0.000140765
0
0.000703825
0.000422295
0.000422295
0.000422295
0.000140765
0.00056306
0.000422295
0.000422295
-0.000140765
-0.00056306
-0.00028153
0.000422295
0.000140765
0.00084459
0
-0.000140765
0.00028153
-0.000140765
-0.000140765
0.000422295
0.00028153
0
0.000422295
0.00028153
0
0.000140765
0.000703825
0.00056306
0.000985355
0.000422295
-0.000140765
0.00084459
0.00028153
-0.000140765
0
0.00028153
0.00126688
0.00084459
0.00084459
0
0.00056306
0.00056306
0.00028153
0.00028153
0
0.000140765
-0.000140765
0.000140765
0.00028153
-0.00028153
-0.000140765
0.000985355
0.00084459
0.00056306
0.000422295
0.000422295
0
-0.000140765
0
0.000140765
-0.000140765
0.000703825
0.000703825
0.00028153
0.00056306
0.000703825
0.00028153
0.000703825
