0.009
0.004
-0.012
-0.012
-0.012
-0.015
-0.014
-0.007
0.002
0.003
-0.002
-0.004
0
0.002
-0.002
-0.003
0.003
0.008
0.005
0
0.002
0.007
0.008
0.008
0.011
0.014
0.014
0.004
-0.005
0
0.002
-0.005
-0.009
-0.004
-0.002
-0.002
0.004
0.008
0.012
0.017000001
0.017000001
0.013
0.013
0.011
0.012
0.015
0.005
-0.01
-0.017999999
-0.017999999
-0.016000001
-0.012
-0.006
0.001
0.011
0.021
0.022
0.014
0.009
0.016000001
0.025
0.023
0.014
0.002
-0.017000001
-0.028999999
-0.034000002
-0.041000001
-0.041999999
-0.027000001
-0.002
0.016000001
0.025
0.030999999
0.035
0.034000002
0.017000001
-0.002
-0.018999999
-0.035999998
-0.045000002
-0.045000002
-0.029999999
-0.002
0.016000001
0.009
-0.017999999
-0.048
-0.057999998
-0.046
-0.009
0.028999999
0.041999999
0.037999999
0.035999998
0.033
0.014
-0.009
-0.001
0.018999999
0.013
-0.002
-0.001
-0.002
-0.017999999
-0.028999999
-0.025
-0.028999999
-0.039000001
-0.037999999
-0.025
-0.009
0.002
0.006
0.017999999
0.052000001
0.075999998
0.064000003
0.034000002
0.014
0.002
-0.026000001
-0.068000004
-0.086999997
-0.066
-0.035
-0.022
-0.012
0.021
0.041000001
0.048999999
0.068999998
0.090999998
0.082999997
0.045000002
0.005
-0.023
-0.056000002
-0.103
-0.134000003
-0.125
-0.097999997
-0.061000001
-0.011
0.023
0.015
-0.017000001
-0.025
0.011
0.043000001
0.043000001
0.015
-0.009
-0.016000001
-0.012
-0.008
-0.005
-0.005
-0.018999999
-0.023
0.009
0.057999998
0.093999997
0.088
0.029999999
-0.034000002
-0.057999998
-0.07
-0.072999999
-0.039000001
0.02
0.046999998
0.055
0.050000001
0.02
0
0.011
0.025
0.011
-0.007
-0.007
0.004
0.023
0.028999999
0.01
-0.017000001
-0.033
-0.043000001
-0.046
-0.029999999
0.013
0.059999999
0.075999998
0.067000002
0.048999999
0.041000001
0.037999999
0.013
-0.023
-0.044
-0.048
-0.045000002
-0.050999999
-0.064999998
-0.075999998
-0.081
-0.075999998
-0.064000003
-0.044
-0.02
-0.013
-0.024
-0.037999999
-0.057999998
-0.082999997
-0.094999999
-0.093000002
-0.074000001
-0.037
-0.002
0.026000001
0.041000001
0.041000001
0.052000001
0.086000003
0.115999997
0.115999997
0.115999997
0.118000001
0.116999999
0.116999999
0.115999997
0.101999998
0.057
-0.009
-0.056000002
-0.068999998
-0.068000004
-0.059999999
-0.054000001
-0.056000002
-0.041999999
-0.01
0.029999999
0.067000002
0.079000004
0.075000003
0.059999999
0.030999999
0
-0.012
-0.017000001
-0.024
-0.011
0.017000001
0.034000002
0.028000001
-0.013
-0.052999999
-0.059999999
-0.046999998
-0.025
-0.006
-0.002
0.004
0.007
-0.003
-0.016000001
-0.026000001
-0.02
-0.004
-0.005
-0.014
-0.005
0.007
0.002
-0.006
-0.003
0.003
0.017000001
0.046999998
0.071999997
0.083999999
0.088
0.079000004
0.063000001
0.037999999
0.008
-0.013
-0.032000002
-0.056000002
-0.067000002
-0.054000001
-0.021
0.002
0.006
0.011
0.02
0.028000001
0.023
0.008
0.002
0.002
0.002
0.007
0.008
0
-0.006
-0.018999999
-0.041999999
-0.045000002
-0.012
0.017999999
0.02
0.018999999
0.014
0.003
-0.003
0.001
0.012
0.034000002
0.057999998
0.082999997
0.096000001
0.094999999
0.092
0.088
0.075000003
0.052000001
0.035999998
0.028999999
0.02
0.012
0.014
0.025
0.037
0.043000001
0.035999998
0.016000001
-0.008
-0.017999999
-0.021
-0.024
-0.023
-0.02
-0.02
-0.028999999
-0.046999998
-0.067000002
-0.083999999
-0.098999999
-0.108000003
-0.116999999
-0.127000004
-0.120999999
-0.096000001
-0.067000002
-0.037
-0.005
0.016000001
0.023
0.041000001
0.075999998
0.096000001
0.075000003
0.050000001
0.037999999
0.032000002
0.034000002
0.050999999
0.054000001
0.034000002
0.006
-0.021
-0.041000001
-0.061000001
-0.082999997
-0.088
-0.064000003
-0.012
0.032000002
0.044
0.043000001
0.039999999
0.030999999
0.021
0.013
0.016000001
0.029999999
0.037
0.02
0.001
-0.01
-0.02
-0.030999999
-0.039999999
-0.048999999
-0.050999999
-0.048999999
-0.048
-0.048999999
-0.044
-0.028999999
-0.016000001
-0.02
-0.023
-0.02
-0.017000001
-0.008
0.008
0.009
-0.012
-0.030999999
-0.037999999
-0.039999999
-0.037
-0.029999999
-0.02
-0.013
-0.014
-0.022
-0.028999999
-0.035999998
-0.041999999
-0.043000001
-0.041999999
-0.039000001
-0.035999998
-0.030999999
-0.028999999
-0.029999999
-0.032000002
-0.028000001
-0.02
-0.012
-0.001
0.016000001
0.027000001
0.029999999
0.032000002
0.035
0.033
0.022
0.013
0.009
0.004
-0.006
-0.018999999
-0.025
-0.015
0.004
0.013
0.015
0.011
0.006
0.009
0.011
0.007
0.002
-0.003
-0.007
-0.009
-0.005
0.001
0.004
0.012
0.022
0.023
0.018999999
0.014
0.005
-0.002
0.002
0.012
0.017999999
0.017000001
0.013
0.011
0.009
0.001
-0.013
-0.018999999
-0.013
-0.006
0.001
0.009
0.01
-0.001
-0.016000001
-0.025
-0.026000001
-0.022
-0.015
-0.008
0.007
0.026000001
0.035999998
0.030999999
0.018999999
0.015
0.017000001
0.018999999
0.017999999
0.011
0.001
-0.002
0.003
0.011
0.022
0.035999998
0.041000001
0.030999999
0.017999999
0.014
0.016000001
0.017999999
0.016000001
0.017000001
0.017000001
0.009
-0.003
-0.007
-0.004
0.004
0.017000001
0.028000001
0.034000002
0.037
0.044
0.045000002
0.035
0.018999999
0.001
-0.02
-0.037
-0.037999999
-0.034000002
-0.027000001
-0.021
-0.013
-0.002
0.002
-0.001
-0.002
-0.001
0.001
0.001
0.005
0.014
0.018999999
0.017999999
0.015
0.01
0.009
0.008
0.008
0.008
0.003
-0.002
-0.004
-0.003
0.003
0.007
0.008
0.007
0.005
0.002
-0.009
-0.021
-0.030999999
-0.039000001
-0.045000002
-0.048
-0.048
-0.045000002
-0.043000001
-0.043000001
-0.043000001
-0.039999999
-0.034000002
-0.028000001
-0.026000001
-0.024
-0.017000001
-0.005
0.008
0.021
0.029999999
0.033
0.034000002
0.035
0.035999998
0.035999998
0.034000002
0.034000002
0.033
0.030999999
0.025
0.017000001
0.01
0.002
-0.007
-0.014
-0.014
-0.007
-0.005
-0.009
-0.016000001
-0.022
-0.028999999
-0.035999998
-0.041000001
-0.043000001
-0.039999999
-0.033
-0.024
-0.017000001
-0.009
-0.002
-0.002
-0.005
-0.006
-0.008
-0.013
-0.016000001
-0.015
-0.015
-0.014
-0.013
-0.013
-0.015
-0.015
-0.014
-0.01
-0.004
0.002
0.007
0.013
0.017000001
0.017000001
0.017000001
0.017000001
0.016000001
0.012
0.009
0.012
0.018999999
0.022
0.018999999
0.015
0.01
0.004
0.001
0.002
0.006
0.014
0.024
0.030999999
0.035
0.037999999
0.037999999
0.035999998
0.034000002
0.033
0.030999999
0.028000001
0.024
0.021
0.018999999
0.017000001
0.017000001
0.018999999
0.023
0.026000001
0.028000001
0.027000001
0.023
0.017999999
0.02
0.024
0.023
0.018999999
0.013
0.009
0.009
0.015
0.02
0.02
0.02
0.02
0.018999999
0.014
0.01
0.011
0.013
0.015
0.016000001
0.015
0.012
0.007
0.001
-0.005
-0.01
-0.016000001
-0.024
-0.029999999
-0.029999999
-0.030999999
-0.037999999
-0.046
-0.050999999
-0.052999999
-0.054000001
-0.050999999
-0.045000002
-0.039000001
-0.032000002
-0.026000001
-0.027000001
-0.035
-0.041999999
-0.044
-0.041999999
-0.037
-0.033
-0.032000002
-0.035
-0.039000001
-0.045000002
-0.050999999
-0.048
-0.037999999
-0.028999999
-0.024
-0.018999999
-0.012
-0.009
-0.009
-0.007
-0.003
0.001
0.006
0.009
0.009
0.01
0.011
0.008
0.002
-0.002
-0.003
-0.001
0
0.001
0.005
0.009
0.008
0.007
0.01
0.015
0.015
0.011
0.004
-0.002
-0.002
0.002
0.005
0.005
0.003
0.001
0.002
0.004
0.005
0.006
0.006
0.004
0.003
0.005
0.007
0.009
0.008
0.005
0.002
0.003
0.009
0.013
0.015
0.016000001
0.015
0.011
0.007
0.004
0.003
0.004
0.01
0.015
0.017000001
0.015
0.012
0.008
0.007
0.009
0.014
0.017000001
0.015
0.01
0.009
0.01
0.011
0.012
0.014
0.018999999
0.025
0.027000001
0.027000001
0.028000001
0.030999999
0.032000002
0.029999999
0.029999999
0.030999999
0.029999999
0.027000001
0.024
0.024
0.024
0.023
0.023
0.025
0.026000001
0.024
0.017999999
0.012
0.008
0.005
0.002
-0.002
-0.006
-0.009
-0.012
-0.011
-0.008
-0.009
-0.015
-0.021
-0.024
-0.024
-0.024
-0.024
-0.022
-0.018999999
-0.015
-0.013
-0.016000001
-0.021
-0.024
-0.026000001
-0.027000001
-0.026000001
-0.021
-0.015
-0.009
-0.006
-0.009
-0.014
-0.016000001
-0.014
-0.01
-0.008
-0.007
-0.008
-0.01
-0.016000001
-0.022
-0.026000001
-0.026000001
-0.022
-0.017999999
-0.017999999
-0.023
-0.028000001
-0.032000002
-0.032000002
-0.028000001
-0.022
-0.014
-0.005
0.003
0.008
0.007
0.005
0.001
-0.002
-0.002
0.004
0.013
0.02
0.022
0.02
0.016000001
0.011
0.006
0.002
0.005
0.01
0.015
0.017000001
0.016000001
0.014
0.011
0.01
0.011
0.011
0.009
0.006
0.004
0.003
0.003
0.005
0.01
0.012
0.011
0.01
0.008
0.008
0.008
0.006
0.002
0
0.002
0.007
0.011
0.012
0.012
0.012
0.01
0.005
-0.003
-0.007
-0.009
-0.011
-0.011
-0.009
-0.009
-0.011
-0.014
-0.016000001
-0.014
-0.007
0
0.003
0.002
0
-0.003
-0.008
-0.013
-0.015
-0.016000001
-0.014
-0.011
-0.006
-0.003
-0.003
-0.006
-0.01
-0.013
-0.014
-0.017000001
-0.02
-0.02
-0.016000001
-0.014
-0.013
-0.011
-0.006
0
0.004
0.004
0.002
0.001
-0.002
-0.006
-0.008
-0.006
-0.005
-0.004
-0.002
0.002
0.005
0.009
0.013
0.014
0.013
0.01
0.008
0.005
0.003
0.003
0.006
0.009
0.015
0.02
0.022
0.022
0.021
0.021
0.021
0.022
0.023
0.023
0.021
0.018999999
0.017000001
0.016000001
0.016000001
0.015
0.014
0.013
0.01
0.007
0.006
0.005
0.004
0.003
0.003
0.004
0.006
0.006
0.004
0.003
0.005
0.005
0.004
0.005
0.004
0.003
0.002
0.001
-0.001
-0.004
-0.007
-0.009
-0.01
-0.011
-0.012
-0.013
-0.014
-0.015
-0.014
-0.012
-0.01
-0.007
-0.004
-0.001
-0.001
-0.004
-0.004
-0.002
0.001
0.001
0.001
0
0.001
0
-0.004
-0.008
-0.012
-0.014
-0.014
-0.012
-0.008
-0.003
0
-0.002
-0.004
-0.006
-0.007
-0.008
-0.007
-0.004
-0.002
-0.002
-0.002
-0.004
-0.006
-0.008
-0.011
-0.011
-0.01
-0.008
-0.007
-0.008
-0.009
-0.01
-0.009
-0.007
-0.007
-0.008
-0.01
-0.01
-0.011
-0.012
-0.012
-0.009
-0.006
-0.004
-0.002
0
0.002
0.003
0.003
0.002
0
-0.001
-0.002
0
0.001
0.002
0.002
0.002
0.002
0.002
0.003
0.007
0.011
0.012
0.009
0.006
0.003
0.001
0.001
0.003
0.004
0.006
0.008
0.009
0.006
0.003
0.001
-0.001
-0.004
-0.005
-0.005
-0.004
-0.004
-0.002
-0.001
-0.001
-0.003
-0.003
-0.003
-0.002
0.002
0.005
0.007
0.009
0.011
0.011
0.007
0.003
0.001
0.002
0.005
0.008
0.009
0.008
0.006
0.006
0.006
0.006
0.007
0.008
0.009
0.008
0.007
0.005
0.003
0.002
0
-0.003
-0.007
-0.01
-0.012
-0.011
-0.008
-0.005
-0.003
-0.002
-0.004
-0.006
-0.008
-0.009
-0.01
-0.009
-0.006
-0.003
0
0.002
0.004
0.005
0.002
-0.002
-0.005
-0.008
-0.011
-0.013
-0.015
-0.016000001
-0.015
-0.012
-0.01
-0.008
-0.006
-0.005
-0.005
-0.004
-0.002
0.001
0.003
0.005
0.006
0.007
0.005
0.003
0.001
-0.001
-0.002
-0.002
-0.001
0
0.001
0.004
0.006
0.008
0.01
0.01
0.007
0.003
0.001
0
-0.001
0
0.001
0.001
0.001
0
-0.001
-0.002
-0.002
-0.002
-0.002
0
0.002
0.005
0.008
0.012
0.015
0.017000001
0.017999999
0.017999999
0.014
0.01
0.008
0.006
0.003
0.002
0.002
0.002
0.002
0.002
0.003
0.003
0.002
0.001
-0.001
-0.002
-0.004
-0.004
-0.002
0.001
0.004
0.006
0.007
0.005
0.004
0.002
0.001
0
0.001
0.002
0.003
0.004
0.003
0.002
0.005
0.008
0.009
0.009
0.007
0.005
0.004
0.004
0.006
0.008
0.01
0.012
0.011
0.01
0.009
0.007
0.006
0.004
0.003
0.002
0.002
0.003
0.004
0.003
0.002
0.001
0.001
0.001
0.001
0.002
0.002
-0.001
-0.003
-0.005
-0.006
-0.007
-0.006
-0.005
-0.004
-0.003
-0.001
0.001
0.003
0.003
0.002
-0.001
-0.005
-0.01
-0.014
-0.017999999
-0.018999999
-0.016000001
-0.013
-0.009
-0.005
-0.004
-0.004
-0.004
-0.003
-0.002
-0.001
0
0
-0.001
-0.002
-0.004
-0.005
-0.002
0
0.001
0.001
0
-0.001
-0.001
-0.001
-0.002
-0.002
-0.002
-0.001
0
0.002
0.002
0.001
0
0
0
0
-0.001
-0.001
-0.001
-0.002
-0.005
-0.007
-0.008
-0.009
-0.009
-0.008
-0.007
-0.006
-0.003
0
0.002
0.004
0.005
0.004
0.004
0.004
0.004
0.005
0.005
0.003
0.001
0
0
0.002
0.003
0.005
0.007
0.007
0.007
0.007
0.007
0.008
0.008
0.007
0.006
0.004
0.003
0.002
0.001
0
-0.001
-0.002
-0.002
-0.002
-0.003
-0.004
-0.006
-0.007
-0.009
-0.008
-0.005
-0.003
-0.001
0.001
0.003
0.003
0.003
0.003
0.002
0.001
-0.001
-0.002
-0.003
-0.004
-0.005
-0.006
-0.007
-0.007
-0.008
-0.009
-0.009
-0.01
-0.01
-0.008
-0.005
-0.003
-0.003
-0.005
-0.007
-0.008
-0.01
-0.01
-0.009
-0.008
-0.007
-0.005
-0.002
0
0.001
0.001
0.001
0.001
0
-0.001
-0.001
0
0.002
0.004
0.007
0.009
0.011
0.012
0.01
0.008
0.005
0.004
0.003
0.002
0.002
0.005
0.007
0.008
0.006
0.002
0.001
0.001
0
0
0
0.001
0.001
0.001
0.001
0.002
0.002
0
-0.002
-0.004
-0.008
-0.01
-0.01
-0.006
-0.004
-0.004
-0.003
-0.003
-0.003
-0.003
-0.002
-0.003
-0.003
-0.003
-0.002
0.001
0.002
0.002
0.002
0.003
0.005
0.005
0.005
0.004
0.004
0.005
0.005
0.004
0.001
-0.001
-0.002
-0.002
-0.003
-0.003
-0.003
-0.003
-0.001
0.002
0.005
0.008
0.009
0.007
0.003
0
-0.003
-0.006
-0.008
-0.005
0.002
0.008
0.013
0.015
0.013
0.009
0.005
0.001
-0.003
-0.006
-0.007
-0.007
-0.008
-0.007
-0.007
-0.006
-0.005
-0.004
-0.001
0.004
0.008
0.012
0.016000001
0.017000001
0.016000001
0.015
0.015
0.015
0.015
0.013
0.01
0.006
0.002
-0.003
-0.008
-0.013
-0.016000001
-0.012
-0.007
-0.002
0.002
0.007
0.011
0.014
0.013
0.01
0.007
0.003
-0.002
-0.006
-0.009
-0.01
-0.012
-0.012
-0.013
-0.012
-0.011
-0.01
-0.009
-0.007
-0.003
-0.001
-0.001
-0.002
-0.003
-0.004
-0.003
0
0.001
0
-0.001
-0.002
-0.003
-0.004
-0.006
-0.007
-0.008
-0.009
-0.011
-0.012
-0.013
-0.013
-0.011
-0.007
-0.003
-0.003
-0.006
-0.007
-0.004
-0.001
0.001
0
-0.002
-0.003
-0.004
-0.006
-0.006
-0.005
-0.005
-0.004
-0.004
-0.005
-0.007
-0.008
-0.008
-0.008
-0.008
-0.007
-0.003
0.004
0.007
0.008
0.007
0.005
0.002
-0.001
-0.003
-0.004
-0.005
-0.005
-0.003
-0.002
0
0.001
0.003
0.006
0.008
0.01
0.012
0.014
0.014
0.012
0.009
0.007
0.005
0.003
0.002
0.002
0.002
0.002
0.002
0.002
0.002
0.004
0.008
0.011
0.011
0.011
0.01
0.009
0.006
0.005
0.005
0.004
0.004
0.004
0.003
0.002
0.002
0.002
0.002
0.002
0.002
0.002
0.001
0.001
0.001
0.001
0.001
-0.001
-0.002
-0.002
-0.002
-0.002
-0.003
-0.003
0.001
0.004
0.005
0.004
0.003
0.003
0.003
0.002
0.001
0.001
0.002
0.003
0.003
0.001
-0.001
-0.003
-0.005
-0.006
-0.006
-0.006
-0.006
-0.005
-0.003
-0.002
0
0.002
0.004
0.005
0.006
0.006
0.004
0.002
-0.001
-0.004
-0.005
-0.006
-0.005
-0.003
-0.001
0.002
0.003
0.003
0.001
-0.001
-0.003
-0.004
-0.005
-0.007
-0.007
-0.008
-0.009
-0.009
-0.01
-0.008
-0.007
-0.005
-0.004
-0.005
-0.007
-0.007
-0.007
-0.006
-0.004
-0.003
-0.002
-0.001
0.001
0.002
0.003
0.004
0.005
0.005
0.005
0.004
0.003
0.001
0
-0.002
-0.003
-0.004
-0.005
-0.006
-0.006
-0.004
-0.004
-0.003
-0.002
-0.001
-0.001
0
0
0
0
0
0
0
0.001
0.002
0.004
0.005
0.006
0.005
0.003
0.002
0
0
0
0
0
0
0.001
0.002
0.003
0.004
0.005
0.006
0.007
0.007
0.007
0.006
0.004
0.002
0.001
0.001
0.003
0.007
0.009
0.008
0.005
0.002
0.001
0
0
0
0.001
0.002
0.002
0.001
-0.001
0
0.002
0.004
0.006
0.006
0.006
0.006
0.006
0.005
0.005
0.005
0.004
0.004
0.003
0.003
0.002
0.002
0.002
0.002
0.001
-0.001
-0.003
-0.005
-0.007
-0.006
-0.003
-0.001
0.001
0.002
0.001
0
-0.001
-0.001
-0.001
-0.001
-0.001
-0.001
-0.001
0.001
0.002
0.002
0.002
0.002
0.002
0
-0.002
-0.003
-0.004
-0.004
-0.004
-0.004
-0.003
-0.002
-0.002
-0.002
-0.002
-0.002
-0.002
-0.003
-0.004
-0.002
-0.001
0
-0.001
-0.002
-0.003
-0.002
-0.002
-0.001
-0.001
-0.001
-0.001
-0.002
-0.002
-0.002
-0.002
-0.001
0.001
0.002
0.002
0.001
0.001
-0.001
-0.001
-0.001
0.001
0.002
0.003
0.004
0.003
0.002
0.002
0.001
0.001
0.001
0
-0.002
-0.003
-0.004
-0.005
-0.007
-0.007
-0.006
-0.004
-0.002
-0.002
-0.002
-0.002
-0.002
-0.001
-0.001
-0.002
-0.003
-0.004
-0.003
-0.002
-0.001
-0.001
0
0.001
0.002
0.002
0.003
0.003
0.003
0.003
0.003
0.002
0.001
0
-0.001
0
0.001
0.002
0.002
0.003
0.003
0.004
0.004
0.004
0.004
0.004
0.003
0.003
0.003
0.002
0.002
0.002
0
-0.001
-0.002
-0.003
-0.004
-0.004
-0.004
-0.004
-0.003
-0.002
-0.002
-0.001
0
0.001
0.002
0.001
-0.001
-0.002
-0.003
-0.004
-0.004
-0.004
-0.004
-0.004
-0.005
-0.005
-0.004
-0.004
-0.004
-0.004
-0.004
-0.005
-0.004
-0.004
-0.002
-0.002
-0.001
0
-0.001
-0.002
-0.001
-0.001
-0.001
-0.002
-0.001
0
0.002
0.002
0.003
0.003
0.003
0.004
0.006
0.007
0.006
0.005
0.005
0.005
0.005
0.005
0.005
0.004
0.004
0.004
0.004
0.004
0.004
0.004
0.004
0.004
0.004
0.004
0.004
0.004
0.004
0.004
0.004
0.003
0.003
0.003
0.003
0.003
0.003
0.003
0.003
0.002
0.002
0.001
0
0
-0.001
-0.002
-0.002
-0.003
-0.002
0
0.001
0.001
0.001
0.001
0
0
0
0
0
-0.001
-0.001
-0.002
-0.002
-0.002
-0.002
-0.003
-0.003
-0.003
-0.003
-0.003
-0.003
-0.004
-0.005
-0.005
-0.006
-0.007
-0.007
-0.008
-0.008
-0.008
-0.007
-0.007
-0.007
-0.007
-0.006
-0.006
-0.006
-0.006
-0.006
-0.006
-0.006
-0.005
-0.004
-0.003
-0.002
-0.001
-0.001
0
0
0.001
0.001
0.002
0.002
0.002
0.002
0.003
0.004
0.004
0.005
0.004
0.004
0.004
0.001
0
-0.001

