0.003
0.001
-0.003
-0.001
0.001
-0.002
0
0.001
-0.001
-0.003
-0.002
-0.002
-0.005
-0.009
-0.007
-0.001
0.004
0.007
0.005
0
-0.005
-0.009
-0.008
-0.002
0.003
0.002
0
0.003
0.007
0.008
0.003
0
0.002
-0.002
-0.007
-0.006
0
0.002
0.003
0.009
0.011
0.007
0.005
0.004
0.002
-0.001
-0.009
-0.013
-0.007
-0.002
0
0.006
0.006
0.003
-0.003
-0.007
-0.007
-0.006
-0.002
0.002
0.007
0.007
0.01
0.017000001
0.017000001
0.018999999
0.017000001
0.004
-0.015
-0.026000001
-0.029999999
-0.028000001
-0.023
-0.018999999
-0.014
-0.008
-0.005
-0.009
-0.018999999
-0.027000001
-0.035
-0.050000001
-0.067000002
-0.082000002
-0.082000002
-0.057999998
-0.004
0.061000001
0.107000001
0.112000003
0.083999999
0.048
0.022
0.016000001
0.029999999
0.043000001
0.045000002
0.037
0.024
0.018999999
0.022
0.032000002
0.034000002
0.022
0.009
0.003
0.001
0.001
0.001
-0.007
-0.027000001
-0.046999998
-0.054000001
-0.046999998
-0.041000001
-0.050000001
-0.056000002
-0.045000002
-0.022
0.001
0.006
0.002
-0.002
0
0.003
0
-0.004
-0.022
-0.046
-0.054000001
-0.035999998
-0.023
-0.024
-0.017000001
0.012
0.050999999
0.066
0.059999999
0.044
0.015
-0.027000001
-0.056000002
-0.046999998
-0.030999999
-0.028000001
-0.026000001
-0.015
0.008
0.046
0.090000004
0.108999997
0.096000001
0.066
0.041000001
0.032000002
0.028000001
0.014
-0.006
-0.024
-0.030999999
-0.033
-0.035999998
-0.028999999
0.005
0.033
0.034000002
0.023
0.005
-0.025
-0.052999999
-0.066
-0.059999999
-0.032000002
0.013
0.041000001
0.030999999
-0.009
-0.057
-0.079999998
-0.078000002
-0.048999999
-0.013
-0.002
-0.013
-0.032000002
-0.039999999
-0.032000002
-0.017999999
-0.004
-0.003
-0.021
-0.035
-0.037
-0.039000001
-0.035
-0.016000001
0.007
0.017000001
0.016000001
0.021
0.034000002
0.044
0.039999999
0.023
-0.006
-0.029999999
-0.046999998
-0.059
-0.061999999
-0.059
-0.043000001
-0.014
0.017999999
0.039999999
0.050000001
0.048999999
0.044
0.041000001
0.032000002
0.023
0.024
0.028000001
0.030999999
0.037
0.048999999
0.064999998
0.079999998
0.082000002
0.067000002
0.050999999
0.039999999
0.032000002
0.017000001
-0.017000001
-0.037
-0.026000001
-0.011
-0.013
-0.026000001
-0.028999999
-0.023
-0.021
-0.039000001
-0.056000002
-0.048999999
-0.030999999
-0.024
-0.033
-0.048999999
-0.056000002
-0.048
-0.030999999
-0.001
0.037
0.050999999
0.028000001
-0.015
-0.046999998
-0.046999998
-0.028999999
-0.023
-0.030999999
-0.037
-0.041000001
-0.039999999
-0.029999999
-0.005
0.028999999
0.044
0.034000002
0.02
0.024
0.041999999
0.055
0.050999999
0.035
0.011
-0.005
-0.001
0.021
0.048999999
0.068000004
0.07
0.064999998
0.052000001
0.026000001
-0.002
-0.023
-0.030999999
-0.023
-0.016000001
-0.018999999
-0.039000001
-0.059999999
-0.064999998
-0.048
-0.025
-0.004
0.004
-0.002
-0.007
-0.003
0.007
0.017000001
0.014
0
-0.008
-0.006
0.003
0.007
-0.004
-0.026000001
-0.039000001
-0.027000001
-0.008
0.001
0.001
0.009
0.02
0.017000001
0.004
-0.009
-0.004
0.02
0.039999999
0.041999999
0.035
0.035999998
0.050000001
0.059999999
0.056000002
0.050000001
0.046999998
0.039000001
0.023
0.01
0.006
0.008
0.024
0.052000001
0.07
0.089000002
0.097000003
0.075000003
0.039000001
-0.003
-0.035
-0.041999999
-0.039999999
-0.041000001
-0.045000002
-0.054000001
-0.064000003
-0.071000002
-0.064000003
-0.044
-0.022
-0.009
-0.002
0.015
0.061000001
0.092
0.085000001
0.071999997
0.067000002
0.064999998
0.046999998
0.021
0.002
-0.009
-0.016000001
-0.007
0.013
0.015
0.002
-0.002
-0.001
-0.01
-0.025
-0.033
-0.032000002
-0.027000001
-0.030999999
-0.045000002
-0.048999999
-0.030999999
0.011
0.045000002
0.061000001
0.064999998
0.050999999
0.035999998
0.033
0.039000001
0.035999998
0.02
-0.001
-0.011
-0.011
-0.008
-0.014
-0.023
-0.016000001
0
0.005
0.005
0.005
0.004
-0.002
-0.012
-0.007
0.01
0.017999999
0.009
-0.008
-0.02
-0.022
-0.017000001
-0.006
0.006
0.012
0.009
0.005
0.008
0.016000001
0.012
-0.006
-0.028999999
-0.046
-0.052999999
-0.056000002
-0.054000001
-0.050000001
-0.046999998
-0.048
-0.050000001
-0.046
-0.037999999
-0.029999999
-0.022
-0.013
-0.004
0.01
0.023
0.034000002
0.043000001
0.041000001
0.027000001
0.013
-0.004
-0.021
-0.032000002
-0.039999999
-0.039999999
-0.032000002
-0.028999999
-0.035999998
-0.043000001
-0.044
-0.041999999
-0.039000001
-0.032000002
-0.024
-0.02
-0.017000001
-0.015
-0.011
-0.002
0.008
0.015
0.017000001
0.014
0.006
0
0.002
0.005
0.007
0.008
0.006
0.003
0
-0.006
-0.015
-0.026000001
-0.030999999
-0.021
-0.002
0.018999999
0.028000001
0.026000001
0.021
0.017000001
0.015
0.01
0.003
-0.007
-0.011
-0.01
-0.009
-0.011
-0.014
-0.015
-0.014
-0.012
-0.008
-0.007
-0.011
-0.02
-0.024
-0.023
-0.02
-0.016000001
-0.012
-0.007
-0.005
-0.007
-0.008
-0.009
-0.009
-0.006
0.002
0.009
0.009
0.004
-0.003
-0.006
-0.012
-0.02
-0.024
-0.021
-0.014
-0.01
-0.01
-0.013
-0.017000001
-0.023
-0.032000002
-0.037999999
-0.035
-0.029999999
-0.025
-0.022
-0.02
-0.017999999
-0.017000001
-0.017000001
-0.014
-0.008
-0.002
-0.001
-0.004
-0.01
-0.012
-0.008
-0.005
-0.002
0
0
0
0.004
0.013
0.025
0.035999998
0.039999999
0.037999999
0.033
0.027000001
0.026000001
0.029999999
0.035999998
0.039999999
0.043000001
0.041000001
0.034000002
0.027000001
0.02
0.015
0.01
0.006
0.006
0.009
0.013
0.014
0.011
0.005
-0.002
-0.011
-0.02
-0.018999999
-0.009
0.002
0.005
0.006
0.011
0.018999999
0.024
0.027000001
0.028999999
0.029999999
0.032000002
0.037
0.039999999
0.039000001
0.039000001
0.041999999
0.046999998
0.052000001
0.055
0.056000002
0.052000001
0.044
0.037999999
0.035999998
0.037999999
0.043000001
0.043000001
0.037999999
0.033
0.028999999
0.026000001
0.022
0.021
0.021
0.021
0.021
0.018999999
0.018999999
0.021
0.021
0.017000001
0.012
0.007
0.004
0
-0.003
-0.005
-0.009
-0.012
-0.015
-0.017000001
-0.02
-0.023
-0.026000001
-0.024
-0.018999999
-0.015
-0.015
-0.017999999
-0.02
-0.023
-0.026000001
-0.027000001
-0.028999999
-0.030999999
-0.032000002
-0.032000002
-0.029999999
-0.027000001
-0.024
-0.018999999
-0.014
-0.012
-0.013
-0.014
-0.015
-0.016000001
-0.017999999
-0.02
-0.018999999
-0.016000001
-0.014
-0.017000001
-0.022
-0.026000001
-0.028000001
-0.028999999
-0.029999999
-0.030999999
-0.029999999
-0.028000001
-0.027000001
-0.025
-0.02
-0.013
-0.007
-0.002
0.003
0.004
0.001
-0.002
-0.002
0.001
0.001
0
0.002
0.003
0.003
0.003
0.006
0.011
0.017000001
0.02
0.018999999
0.015
0.005
-0.005
-0.009
-0.008
-0.006
-0.003
0
0.001
-0.002
-0.008
-0.016000001
-0.021
-0.023
-0.024
-0.022
-0.017999999
-0.015
-0.016000001
-0.022
-0.030999999
-0.034000002
-0.033
-0.032000002
-0.029999999
-0.028999999
-0.028000001
-0.023
-0.016000001
-0.011
-0.008
-0.009
-0.012
-0.015
-0.017000001
-0.017999999
-0.017999999
-0.015
-0.009
-0.002
0.002
0.004
0.005
0.009
0.014
0.018999999
0.024
0.028999999
0.034000002
0.032000002
0.028999999
0.027000001
0.027000001
0.025
0.02
0.015
0.013
0.014
0.014
0.014
0.016000001
0.018999999
0.022
0.022
0.022
0.021
0.017000001
0.012
0.009
0.009
0.008
0.003
-0.006
-0.015
-0.02
-0.022
-0.024
-0.026000001
-0.027000001
-0.026000001
-0.025
-0.022
-0.016000001
-0.009
-0.003
-0.002
-0.005
-0.007
-0.008
-0.006
-0.003
0.002
0.007
0.008
0.01
0.013
0.013
0.009
0.003
0.001
0.003
0.012
0.022
0.028000001
0.029999999
0.028999999
0.028999999
0.029999999
0.032000002
0.032000002
0.028999999
0.022
0.017000001
0.016000001
0.017999999
0.021
0.025
0.028999999
0.032000002
0.032000002
0.029999999
0.027000001
0.022
0.017000001
0.014
0.01
0.008
0.005
0.002
0.001
0
0.001
0.002
0.002
0.002
0.002
0.001
-0.002
-0.005
-0.007
-0.007
-0.009
-0.01
-0.011
-0.013
-0.014
-0.013
-0.011
-0.006
-0.002
0
0
0
0
0
0
0
-0.001
-0.002
-0.002
-0.001
0.003
0.01
0.016000001
0.018999999
0.018999999
0.016000001
0.011
0.008
0.008
0.008
0.009
0.008
0.002
-0.005
-0.008
-0.009
-0.009
-0.008
-0.008
-0.008
-0.008
-0.008
-0.009
-0.01
-0.013
-0.015
-0.015
-0.014
-0.01
-0.006
-0.007
-0.011
-0.014
-0.016000001
-0.016000001
-0.016000001
-0.015
-0.012
-0.006
-0.002
-0.003
-0.007
-0.013
-0.017999999
-0.02
-0.02
-0.02
-0.018999999
-0.017999999
-0.016000001
-0.014
-0.01
-0.01
-0.01
-0.008
-0.006
-0.004
-0.004
-0.004
-0.005
-0.007
-0.008
-0.008
-0.009
-0.012
-0.013
-0.009
-0.002
0.004
0.005
0.002
0.003
0.007
0.011
0.011
0.011
0.011
0.01
0.01
0.01
0.01
0.01
0.011
0.011
0.012
0.012
0.009
0.005
0.004
0.006
0.009
0.012
0.012
0.008
0.004
0.002
0.001
0.001
0.002
0.002
-0.001
-0.005
-0.009
-0.011
-0.012
-0.013
-0.013
-0.014
-0.016000001
-0.018999999
-0.02
-0.021
-0.021
-0.02
-0.016000001
-0.01
-0.003
0
0
-0.002
-0.002
0
0
-0.001
-0.002
-0.002
-0.003
-0.002
-0.001
0
0.001
0.003
0.006
0.004
0.002
0.002
0.004
0.009
0.012
0.014
0.017999999
0.02
0.017999999
0.017000001
0.015
0.012
0.01
0.007
0.005
0.004
0.003
0.003
0.003
0.004
0.005
0.006
0.005
0.004
0.003
0.001
-0.001
-0.002
-0.002
-0.002
-0.001
0
0
-0.001
-0.003
-0.003
-0.001
0.001
0.002
0.001
0
-0.001
-0.003
-0.006
-0.007
-0.005
-0.003
-0.002
0
0
0
0
0
0.002
0.003
0.004
0.003
0.002
0
-0.001
-0.001
-0.001
-0.001
-0.002
-0.004
-0.006
-0.008
-0.008
-0.008
-0.007
-0.006
-0.006
-0.006
-0.005
-0.004
-0.002
0
0.003
0.006
0.007
0.008
0.008
0.006
0.004
0
-0.002
-0.001
0.002
0.004
0.005
0.004
0.004
0.003
0.005
0.007
0.006
0.002
0.001
0.001
0.004
0.009
0.012
0.012
0.009
0.004
0.001
0
0.001
0.002
0.001
0
-0.002
-0.002
-0.002
-0.002
-0.003
-0.003
-0.005
-0.008
-0.009
-0.009
-0.008
-0.008
-0.009
-0.009
-0.009
-0.008
-0.007
-0.004
-0.001
0.003
0.006
0.008
0.008
0.008
0.007
0.007
0.007
0.007
0.005
0.005
0.005
0.005
0.004
0.003
0.001
0.001
0.001
0.001
0.002
0.005
0.008
0.011
0.013
0.014
0.013
0.01
0.005
0.002
0
-0.001
-0.002
-0.001
0
0
-0.003
-0.005
-0.005
-0.006
-0.007
-0.009
-0.009
-0.009
-0.009
-0.007
-0.006
-0.005
-0.005
-0.005
-0.004
-0.002
-0.003
-0.005
-0.006
-0.006
-0.005
-0.004
-0.002
0
0.001
0
-0.002
-0.004
-0.005
-0.005
-0.003
-0.002
-0.001
-0.004
-0.008
-0.012
-0.013
-0.01
-0.009
-0.008
-0.007
-0.005
-0.003
-0.002
-0.002
-0.001
-0.002
-0.003
-0.001
0.002
0.005
0.004
0.002
0
-0.001
-0.002
-0.004
-0.005
-0.004
-0.003
-0.002
-0.002
-0.003
-0.003
-0.003
-0.003
-0.003
-0.003
-0.003
-0.003
-0.003
-0.002
-0.002
-0.002
0.002
0.004
0.004
0.003
0.003
0.004
0.004
0.004
0.005
0.005
0.006
0.006
0.007
0.007
0.005
0.003
0.002
0.001
0.001
0.001
0.002
0.003
0.005
0.008
0.01
0.012
0.012
0.011
0.009
0.007
0.006
0.006
0.006
0.004
0.004
0.005
0.006
0.007
0.009
0.009
0.008
0.007
0.006
0.006
0.004
0.001
-0.002
-0.004
-0.005
-0.005
-0.005
-0.005
-0.005
-0.004
-0.003
-0.002
-0.002
-0.001
-0.001
0
0.001
0.001
0.002
0.002
0.002
0.002
0.002
0.004
0.006
0.008
0.009
0.009
0.009
0.009
0.009
0.007
0.005
0.002
0
-0.001
0
0.002
0.003
0.003
0.004
0.005
0.005
0.003
0
-0.001
-0.001
-0.002
-0.002
-0.001
0
0.003
0.004
0.003
0
-0.002
-0.005
-0.007
-0.009
-0.009
-0.008
-0.006
-0.004
-0.002
-0.002
-0.002
-0.004
-0.005
-0.004
-0.003
-0.003
-0.003
-0.002
-0.001
-0.001
-0.002
-0.001
-0.001
0
0
-0.001
-0.002
-0.002
-0.003
-0.003
-0.002
-0.003
-0.005
-0.007
-0.007
-0.005
-0.005
-0.004
-0.002
-0.001
-0.001
0
-0.001
-0.001
-0.001
-0.002
-0.003
-0.003
-0.003
-0.002
-0.001
0
0.001
0.003
0.002
0.001
0
-0.001
-0.001
-0.001
-0.001
0
0
-0.001
-0.001
-0.001
-0.001
0
0
0.001
0.002
0.001
0
0
0
0.001
0.001
-0.002
-0.004
-0.005
-0.006
-0.007
-0.006
-0.004
-0.001
0
-0.001
-0.002
-0.003
-0.003
-0.002
0
0
-0.001
-0.002
-0.002
-0.002
-0.002
-0.002
-0.002
-0.002
-0.001
0
0.002
0.005
0.007
0.009
0.009
0.008
0.005
0.002
0
-0.001
-0.002
-0.002
0
0.002
0.003
0.004
0.003
0.002
0.002
0.001
0.002
0.002
0.002
0.003
0.003
0.004
0.004
0.005
0.005
0.004
0.001
-0.003
-0.005
-0.007
-0.007
-0.007
-0.005
-0.003
-0.001
0
0
0
0.001
0.001
0.001
0.001
0.001
0
-0.001
-0.002
-0.003
-0.004
-0.003
-0.003
-0.005
-0.006
-0.006
-0.006
-0.006
-0.006
-0.006
-0.006
-0.005
-0.003
0
0.002
0.002
0.002
0.001
0.001
0
-0.001
-0.001
0
0.001
0.002
0.002
0.001
-0.001
-0.002
-0.003
-0.004
-0.003
-0.002
-0.001
0
0
0.002
0.002
0.001
-0.001
-0.002
-0.001
0
0.002
0.004
0.005
0.005
0.006
0.006
0.006
0.005
0.003
0.002
0.001
0.001
0.003
0.004
0.005
0.005
0.005
0.006
0.006
0.004
0.001
-0.002
-0.004
-0.004
-0.004
-0.002
0.001
0.003
0.005
0.006
0.004
0.002
0.001
0.004
0.005
0.005
0.005
0.003
-0.001
-0.006
-0.009
-0.01
-0.008
-0.006
-0.005
-0.004
-0.001
0.004
0.008
0.009
0.007
0.007
0.009
0.01
0.011
0.011
0.011
0.009
0.005
0
-0.003
-0.006
-0.007
-0.006
-0.005
-0.005
-0.004
-0.002
0.001
0.002
0.001
0.002
0.004
0.005
0.001
-0.002
-0.003
-0.003
-0.004
-0.007
-0.011
-0.015
-0.016000001
-0.012
-0.004
0.004
0.008
0.007
0.005
0.004
0.003
0.002
0.001
0.002
0.005
0.007
0.006
0.001
-0.006
-0.009
-0.008
-0.006
-0.005
-0.005
-0.005
-0.003
0.001
0.005
0.006
0.004
0.001
-0.002
-0.004
-0.006
-0.007
-0.008
-0.008
-0.008
-0.007
-0.006
-0.005
-0.002
0.002
0.005
0.007
0.007
0.004
0.003
0.002
0.001
-0.001
-0.004
-0.007
-0.009
-0.008
-0.007
-0.004
-0.003
-0.003
-0.003
-0.002
0
0.003
0.005
0.007
0.007
0.004
-0.001
-0.004
-0.005
-0.005
-0.004
-0.003
-0.003
-0.003
-0.003
-0.002
0.001
0.003
0.002
0
-0.002
-0.003
-0.004
-0.004
-0.005
-0.006
-0.006
-0.004
-0.001
0.001
0.003
0.005
0.006
0.005
0.002
-0.002
-0.003
-0.004
-0.004
-0.004
-0.004
-0.004
-0.002
0.001
0.003
0.003
0.004
0.005
0.007
0.008
0.011
0.012
0.01
0.006
0.003
0
-0.001
-0.002
-0.002
-0.002
-0.002
-0.001
-0.001
0
0.002
0.003
0.004
0.004
0.004
0.003
0
-0.004
-0.006
-0.008
-0.01
-0.012
-0.014
-0.014
-0.013
-0.01
-0.009
-0.007
-0.004
-0.001
0.002
0.004
0.005
0.005
0.005
0.004
0.002
0
-0.002
-0.004
-0.005
-0.004
-0.003
-0.001
0.001
0.002
0.004
0.006
0.009
0.011
0.011
0.011
0.011
0.01
0.009
0.008
0.006
0.004
0.002
0
-0.001
-0.001
0
0.001
0.003
0.004
0.005
0.005
0.004
0.004
0.002
0
0
-0.001
-0.002
-0.002
-0.002
-0.001
0
0.002
0.003
0.004
0.006
0.007
0.007
0.007
0.006
0.005
0.003
0.001
-0.001
-0.003
-0.005
-0.007
-0.007
-0.006
-0.006
-0.006
-0.004
-0.001
-0.001
-0.001
0
0.001
0
-0.001
-0.002
-0.002
-0.003
-0.003
-0.003
-0.003
-0.002
-0.001
-0.001
-0.001
-0.001
-0.001
0
0.001
0.002
0.002
0.002
0.001
0.002
0.002
0.003
0.002
0.002
0.002
0.003
0.003
0.003
0.001
0
-0.001
0
0
0
0
0.001
0.001
0.002
0.002
0.002
0.002
0.003
0.005
0.007
0.008
0.008
0.008
0.008
0.008
0.006
0.005
0.004
0.002
0
-0.001
-0.003
-0.004
-0.005
-0.005
-0.006
-0.006
-0.005
-0.004
-0.002
-0.001
0.001
0.002
0.001
0.001
0.001
0
-0.001
-0.002
-0.004
-0.005
-0.005
-0.005
-0.005
-0.005
-0.004
-0.003
-0.002
-0.002
-0.002
-0.002
-0.002
-0.002
-0.002
-0.001
-0.002
-0.002
-0.002
-0.002
-0.002
-0.002
-0.001
0
0.001
0.001
0.001
0.001
0.001
0.001
0.001
0
-0.002
-0.004
-0.004
-0.004
-0.004
-0.002
-0.001
0
0.001
0.002
0.003
0.004
0.004
0.004
0.003
0.003
0.002
0.002
0.002
0.003
0.003
0.002
0.002
0.002
0.002
0.001
0.001
0.001
0
-0.001
-0.002
-0.003
-0.003
-0.003
-0.003
-0.002
-0.001
-0.001
-0.003
-0.004
-0.004
-0.004
-0.003
-0.002
-0.002
0
0
0.002
0.002
0.002
0
-0.002
-0.002
-0.001
0
0.002
0.002
0.002
0
0
0
0.001
0.001
0.001
0.002
0.003
0.004
0.004
0.004
0.004
0.003
0.003
0.003
0.003
0.003
0.002
0.001
0
0
0.001
0.001
0.003
0.004
0.003
0.003
0.004
0.005
0.005
0.004
0.004
0.003
0.002
0.001
0
0
0.001
0.001
0
-0.003
-0.004
-0.003
-0.002
-0.002
-0.002
-0.003
-0.004
-0.003
-0.002
-0.002
-0.002
-0.003
-0.004
-0.005
-0.005
-0.005
-0.004
-0.004
-0.003
-0.002
-0.002
-0.002
-0.001
-0.002
-0.004
-0.005
-0.006
-0.006
-0.005
-0.004
-0.003
-0.002
-0.002
-0.001
-0.002
-0.002
-0.003
-0.003
-0.003
-0.002
-0.001
0.001
0.001
0.001
0.001
0.001
0.001
0.001
0.001
0.002
0.002
0.002
0.003
0.004
0.004
0.005
0.005
0.005
0.004
0.004
0.004
0.003
0.003
0.002
0.002
0.001
0.001
0.001
0
-0.001
-0.001
-0.002
-0.002
-0.002
-0.002
-0.002
-0.002
-0.002
-0.002
-0.001
-0.001
-0.001
-0.001
-0.001
-0.001
-0.001
-0.001
-0.001
-0.001
-0.001
-0.001
-0.002
-0.002
-0.004
-0.004
-0.004
-0.003
-0.002
-0.001
0.001
0.002
0.002
0.002
0.002
0.002
0.001
-0.001
-0.001
-0.002
-0.002
-0.002
-0.003
-0.004
-0.004
-0.004
-0.004
-0.003
-0.002
-0.001
0
0
0
0
0
0
0
0
0
-0.001
-0.001
-0.001
-0.002
-0.003
-0.003
-0.002
-0.002
-0.002
-0.001
0
0
0
0
0
0.004
0.001
0
-0.001

